0 0.425250 0.914333 0.028500 0.056667
0 0.501250 0.813000 0.018500 0.047333
0 0.500000 0.587000 0.009000 0.040667
0 0.490000 0.588000 0.011000 0.046667
0 0.472500 0.911333 0.016000 0.048000
1 0.608500 0.584333 0.044000 0.088667
1 0.540500 0.593000 0.039000 0.092667
1 0.426250 0.418000 0.064500 0.041333
1 0.477500 0.380000 0.025000 0.048000
1 0.434000 0.302667 0.021000 0.033333
1 0.481000 0.266000 0.018000 0.026667
1 0.483250 0.246000 0.016500 0.021333
1 0.535500 0.240333 0.015000 0.020667
1 0.508250 0.193667 0.012500 0.015333
1 0.516250 0.140333 0.008500 0.008667
1 0.458500 0.182333 0.013000 0.018000
1 0.451000 0.156000 0.019000 0.013333
1 0.457250 0.160667 0.015500 0.014667
1 0.437750 0.150667 0.020500 0.010667
1 0.491250 0.139000 0.007500 0.012667
1 0.501250 0.131000 0.007500 0.008667
1 0.498500 0.113000 0.006000 0.008667
1 0.506500 0.104333 0.007000 0.007333
1 0.515750 0.108000 0.006500 0.008000
0 0.443250 0.252333 0.006500 0.022000
0 0.438000 0.252667 0.004000 0.020000
0 0.434000 0.254333 0.005000 0.022000
0 0.499000 0.242667 0.004000 0.018667
0 0.495750 0.246667 0.003500 0.010667
0 0.523750 0.217000 0.004500 0.018000
0 0.534250 0.217000 0.004500 0.018000
0 0.534000 0.202667 0.004000 0.013333
0 0.522500 0.175333 0.003000 0.016000
0 0.527250 0.171667 0.003500 0.015333
0 0.516000 0.183333 0.005000 0.013333
2 0.568000 0.538667 0.008000 0.034667
2 0.511250 0.505667 0.008500 0.032667
2 0.452250 0.520333 0.014500 0.034000
2 0.484500 0.425667 0.009000 0.023333
2 0.500250 0.406333 0.008500 0.024667
2 0.547500 0.440667 0.011000 0.024000
0 0.533750 0.382333 0.007500 0.027333
0 0.549000 0.324333 0.007000 0.028667
2 0.517250 0.224667 0.004500 0.012000
2 0.486500 0.214333 0.005000 0.012667
1 0.416750 0.157000 0.017500 0.010000
1 0.496250 0.082000 0.004500 0.006667
1 0.504750 0.083333 0.004500 0.005333
1 0.511500 0.099000 0.005000 0.008667
1 0.512000 0.092000 0.004000 0.004000
1 0.510000 0.075667 0.004000 0.006000
1 0.499250 0.065667 0.004500 0.004667
