1 0.033571 0.278571 0.061429 0.086667
0 0.116429 0.262381 0.022857 0.031429
0 0.088571 0.428571 0.021429 0.034286
0 0.133571 0.463333 0.025714 0.033333
0 0.171429 0.403333 0.021429 0.033333
0 0.189643 0.459048 0.022143 0.034286
0 0.197857 0.447619 0.021429 0.034286
1 0.313929 0.355238 0.047857 0.087619
1 0.152857 0.533333 0.068571 0.125714
1 0.198571 0.540952 0.068571 0.116190
1 0.290000 0.561905 0.064286 0.110476
1 0.057500 0.496190 0.080714 0.116190
1 0.025357 0.474762 0.050714 0.098095
0 0.447143 0.512381 0.018571 0.032381
0 0.459643 0.505238 0.012143 0.027619
0 0.450714 0.493333 0.014286 0.026667
0 0.462500 0.490476 0.013571 0.028571
0 0.610714 0.419048 0.015714 0.028571
0 0.600714 0.468095 0.010000 0.027619
0 0.511786 0.503810 0.013571 0.028571
2 0.663929 0.622381 0.020714 0.050476
1 0.698929 0.672381 0.047857 0.112381
2 0.747857 0.629524 0.037143 0.045714
2 0.748214 0.679524 0.025000 0.033333
2 0.771429 0.667143 0.010000 0.042857
0 0.852857 0.632381 0.024286 0.026667
0 0.971429 0.625238 0.034286 0.029524
