0 0.924250 0.964667 0.136500 0.070667
0 0.928500 0.489333 0.070000 0.134667
0 0.967500 0.611333 0.065000 0.137333
0 0.718000 0.486667 0.046000 0.092000
0 0.702250 0.397667 0.038500 0.114000
0 0.641500 0.400000 0.042000 0.128000
0 0.647000 0.355000 0.035000 0.115333
0 0.798000 0.083333 0.034000 0.084000
0 0.826750 0.079000 0.021500 0.071333
0 0.842000 0.099000 0.025000 0.076667
0 0.680250 0.085667 0.035500 0.100667
0 0.639000 0.071333 0.025000 0.084000
0 0.572000 0.035667 0.018000 0.071333
0 0.429750 0.029667 0.022500 0.058000
0 0.397000 0.030333 0.023000 0.060667
0 0.384250 0.033000 0.021500 0.066000
0 0.332000 0.045000 0.024000 0.090000
0 0.290000 0.026000 0.016000 0.052000
0 0.235250 0.071000 0.040500 0.080667
0 0.419000 0.287333 0.024000 0.117333
1 0.500250 0.077667 0.078500 0.143333
2 0.533250 0.159000 0.058500 0.063333
2 0.551250 0.313000 0.077500 0.083333
2 0.665000 0.181000 0.065000 0.070000
0 0.276250 0.653000 0.067500 0.118000
0 0.151000 0.182333 0.037000 0.090000
0 0.172500 0.399333 0.079000 0.106667
0 0.108500 0.183667 0.031000 0.084667
0 0.118000 0.205000 0.036000 0.086000
2 0.039750 0.217333 0.072500 0.064000
2 0.112750 0.459667 0.120500 0.086000
0 0.073000 0.496667 0.097000 0.104000
0 0.099000 0.589667 0.086000 0.122000
0 0.046000 0.682333 0.092000 0.106000
2 0.117250 0.701333 0.115500 0.186667
0 0.034500 0.787667 0.069000 0.102000
