1 0.106071 0.902857 0.065000 0.148571
1 0.244286 0.545714 0.051429 0.120000
2 0.307857 0.469524 0.027143 0.047619
0 0.437143 0.360476 0.015714 0.031429
0 0.467500 0.358095 0.016429 0.028571
2 0.399286 0.334286 0.022857 0.043810
2 0.425357 0.365714 0.040714 0.022857
2 0.503214 0.368095 0.036429 0.029524
0 0.735000 0.259048 0.014286 0.019048
0 0.775357 0.221429 0.016429 0.025714
1 0.433571 0.653333 0.100000 0.120000
1 0.516071 0.559524 0.080714 0.096190
1 0.591429 0.465714 0.085714 0.112381
1 0.754643 0.356667 0.096429 0.100000
