1 0.206786 0.014762 0.056429 0.029524
1 0.136429 0.014762 0.052857 0.029524
1 0.460714 0.217619 0.022857 0.082857
2 0.321786 0.512381 0.020714 0.015238
2 0.321071 0.524286 0.023571 0.014286
2 0.320357 0.537143 0.022143 0.017143
2 0.321071 0.554286 0.020714 0.015238
2 0.320000 0.570000 0.022857 0.012381
2 0.321786 0.598571 0.025000 0.016190
2 0.319643 0.582381 0.022143 0.014286
2 0.321786 0.614762 0.022143 0.020000
2 0.322500 0.648095 0.026429 0.014286
2 0.320000 0.663333 0.027143 0.014286
2 0.296429 0.543810 0.008571 0.030476
2 0.275714 0.679524 0.024286 0.014286
2 0.275714 0.693810 0.025714 0.016190
2 0.295357 0.667619 0.025000 0.015238
2 0.298571 0.679524 0.020000 0.010476
2 0.296786 0.692857 0.022143 0.014286
2 0.320714 0.691905 0.021429 0.016190
2 0.322500 0.676667 0.025000 0.012381
