1 0.124739 0.775510 0.061587 0.168831
1 0.254175 0.239332 0.057411 0.150278
1 0.306367 0.043135 0.038622 0.086271
1 0.411273 0.239332 0.043841 0.135436
1 0.507829 0.086271 0.042797 0.141002
0 0.668580 0.055195 0.009395 0.034323
2 0.553758 0.200835 0.028184 0.028757
2 0.602557 0.128479 0.027662 0.028757
2 0.601253 0.344620 0.028184 0.023191
2 0.668841 0.342301 0.013048 0.033395
2 0.605428 0.372449 0.027140 0.023191
2 0.545407 0.457328 0.028184 0.022263
2 0.537317 0.638219 0.032881 0.035250
0 0.685021 0.737013 0.014092 0.030612
2 0.575157 0.900742 0.036534 0.027829
1 0.450939 0.980519 0.096033 0.037106
