0 0.122857 0.963333 0.014286 0.008571
0 0.173214 0.853810 0.013571 0.014286
0 0.197857 0.828571 0.012857 0.011429
1 0.563929 0.605238 0.039286 0.067619
2 0.280357 0.551429 0.009286 0.007619
2 0.285000 0.537619 0.011429 0.008571
2 0.291071 0.524762 0.012143 0.011429
2 0.296786 0.517143 0.012143 0.011429
2 0.301429 0.508571 0.012857 0.011429
2 0.305357 0.497619 0.012143 0.010476
0 0.336786 0.521905 0.006429 0.015238
0 0.365000 0.346190 0.005714 0.014286
0 0.381429 0.328571 0.005714 0.015238
2 0.593929 0.330476 0.012143 0.024762
2 0.658214 0.259048 0.013571 0.026667
1 0.643571 0.204762 0.025714 0.045714
1 0.684286 0.111905 0.024286 0.042857
2 0.667500 0.111905 0.010714 0.025714
1 0.709643 0.016667 0.023571 0.033333
1 0.602500 0.062381 0.025000 0.037143
