0 0.305250 0.663333 0.025500 0.056000
1 0.465250 0.601000 0.134500 0.096667
1 0.459250 0.542667 0.125500 0.077333
1 0.547750 0.411000 0.046500 0.090000
1 0.451500 0.352667 0.097000 0.050667
1 0.454750 0.319000 0.088500 0.046000
0 0.474250 0.296667 0.013500 0.030667
1 0.462000 0.268000 0.079000 0.038667
1 0.452000 0.248333 0.071000 0.039333
1 0.449000 0.226000 0.069000 0.037333
1 0.448500 0.206333 0.066000 0.038000
1 0.440000 0.192333 0.066000 0.035333
1 0.473500 0.166333 0.056000 0.032667
1 0.441000 0.153667 0.061000 0.031333
1 0.438000 0.072000 0.045000 0.024000
1 0.455750 0.063000 0.038500 0.020667
1 0.506250 0.137333 0.027500 0.033333
0 0.482500 0.042667 0.006000 0.013333
0 0.460000 0.039667 0.005000 0.016667
0 0.433250 0.035667 0.006500 0.023333
0 0.439000 0.040667 0.004000 0.013333
0 0.495250 0.020000 0.004500 0.017333
0 0.507750 0.018667 0.005500 0.020000
0 0.501250 0.045667 0.004500 0.019333
0 0.500250 0.045667 0.004500 0.019333
0 0.568750 0.034000 0.005500 0.020000
0 0.573000 0.038667 0.005000 0.020000
1 0.581750 0.062667 0.044500 0.022667
1 0.582500 0.078667 0.045000 0.024000
2 0.583000 0.087667 0.015000 0.016667
2 0.602750 0.076333 0.015500 0.014000
1 0.593500 0.178000 0.036000 0.045333
1 0.612750 0.129000 0.044500 0.031333
1 0.632750 0.152000 0.056500 0.025333
1 0.635500 0.169000 0.062000 0.034000
2 0.669000 0.182667 0.025000 0.024000
0 0.951000 0.868667 0.047000 0.069333
1 0.907250 0.594000 0.137500 0.077333
1 0.841000 0.529333 0.137000 0.074667
2 0.870500 0.457667 0.045000 0.042000
1 0.768750 0.435667 0.123500 0.063333
1 0.768750 0.387667 0.108500 0.052667
1 0.730750 0.324333 0.095500 0.055333
0 0.652250 0.319000 0.014500 0.046000
1 0.701000 0.297667 0.087000 0.046000
2 0.722750 0.252333 0.012500 0.024667
