1 0.494500 0.835000 0.095000 0.222000
2 0.216250 0.708000 0.032500 0.077333
2 0.256750 0.571333 0.050500 0.041333
2 0.310500 0.435333 0.038000 0.040000
2 0.416750 0.380000 0.029500 0.029333
2 0.449750 0.328333 0.038500 0.028667
2 0.371500 0.304000 0.024000 0.024000
2 0.374750 0.286000 0.022500 0.024000
1 0.979000 0.320667 0.042000 0.040000
0 0.934000 0.314333 0.014000 0.035333
2 0.830500 0.212000 0.014000 0.013333
2 0.813500 0.207333 0.017000 0.010667
2 0.813000 0.201000 0.012000 0.008667
2 0.788250 0.189333 0.006500 0.013333
2 0.779250 0.183667 0.005500 0.015333
2 0.770750 0.180000 0.006500 0.016000
2 0.582000 0.335667 0.011000 0.027333
2 0.592000 0.328333 0.012000 0.023333
2 0.545750 0.311667 0.010500 0.027333
1 0.495750 0.367667 0.041500 0.056667
1 0.492750 0.271667 0.030500 0.036667
1 0.725000 0.209000 0.029000 0.030000
1 0.719000 0.164667 0.019000 0.017333
1 0.712500 0.155333 0.014000 0.018667
1 0.694000 0.153667 0.020000 0.019333
1 0.671750 0.136000 0.012500 0.012000
1 0.662750 0.129000 0.013500 0.012667
1 0.663000 0.120667 0.009000 0.010667
1 0.645750 0.119667 0.011500 0.010000
1 0.640500 0.116667 0.010000 0.009333
1 0.635000 0.114667 0.009000 0.009333
1 0.630250 0.111667 0.009500 0.010000
1 0.623500 0.107333 0.010000 0.009333
1 0.614500 0.103667 0.010000 0.011333
1 0.610500 0.101667 0.008000 0.012667
1 0.622000 0.112333 0.010000 0.008667
1 0.621000 0.117333 0.010000 0.012000
1 0.579750 0.099000 0.008500 0.011333
1 0.579750 0.093667 0.007500 0.008667
1 0.573250 0.090333 0.006500 0.007333
1 0.608750 0.095667 0.020500 0.010000
1 0.603500 0.094000 0.015000 0.009333
1 0.594500 0.092000 0.006000 0.005333
1 0.590500 0.089333 0.005000 0.006667
1 0.587750 0.087667 0.005500 0.007333
2 0.459500 0.123667 0.009000 0.008667
0 0.469000 0.146000 0.004000 0.016000
1 0.496000 0.138000 0.011000 0.014667
1 0.540000 0.103333 0.008000 0.010667
1 0.521500 0.096000 0.008000 0.009333
1 0.513000 0.075667 0.005000 0.006000
1 0.511750 0.072333 0.005500 0.006000
1 0.499500 0.129000 0.010000 0.012667
1 0.494500 0.124000 0.009000 0.010667
1 0.499000 0.120000 0.009000 0.009333
1 0.494500 0.111333 0.008000 0.008000
1 0.494750 0.108333 0.006500 0.007333
1 0.495500 0.104667 0.008000 0.006667
1 0.494250 0.098667 0.007500 0.009333
1 0.488250 0.095333 0.013500 0.008000
1 0.490250 0.094333 0.010500 0.010000
1 0.496750 0.091333 0.005500 0.008000
0 0.496000 0.085333 0.002000 0.008000
0 0.507750 0.086667 0.002500 0.008000
0 0.500750 0.097000 0.003500 0.008667
2 0.509000 0.100000 0.004000 0.005333
