1 0.736000 0.749000 0.019000 0.040667
1 0.757500 0.749667 0.019000 0.039333
1 0.787000 0.753000 0.022000 0.040667
1 0.807750 0.754000 0.020500 0.033333
2 0.751750 0.667000 0.008500 0.012667
1 0.709500 0.980000 0.012000 0.022667
1 0.513500 0.992333 0.048000 0.015333
1 0.453000 0.991000 0.048000 0.016667
1 0.322750 0.988667 0.045500 0.020000
1 0.218250 0.987667 0.045500 0.023333
1 0.160500 0.984333 0.050000 0.031333
1 0.070000 0.985000 0.049000 0.028667
1 0.113250 0.538667 0.019500 0.022667
1 0.121250 0.497000 0.015500 0.016667
1 0.132500 0.483667 0.017000 0.019333
1 0.195250 0.481000 0.016500 0.015333
1 0.213750 0.495333 0.018500 0.021333
1 0.164500 0.497667 0.015000 0.019333
1 0.151000 0.496000 0.019000 0.021333
1 0.110750 0.445000 0.022500 0.011333
1 0.148750 0.446000 0.022500 0.012000
1 0.178000 0.445667 0.024000 0.012667
1 0.255500 0.438000 0.012000 0.016000
1 0.233500 0.482333 0.014000 0.018000
1 0.257750 0.213667 0.005500 0.007333
1 0.263500 0.207667 0.006000 0.006000
