1 0.552857 0.183810 0.004286 0.003810
1 0.582857 0.147619 0.002857 0.003810
1 0.572500 0.163333 0.002143 0.002857
1 0.508929 0.287143 0.006429 0.010476
1 0.533571 0.232857 0.005714 0.006667
0 0.485714 0.267619 0.002857 0.007619
1 0.469643 0.274762 0.006429 0.008571
1 0.657857 0.260476 0.007143 0.006667
2 0.331429 0.570000 0.012857 0.021905
2 0.348571 0.518095 0.015714 0.011429
2 0.383214 0.488095 0.005000 0.020000
2 0.518571 0.489048 0.010000 0.014286
2 0.508929 0.541905 0.005000 0.017143
2 0.852500 0.704286 0.013571 0.023810
0 0.031071 0.650000 0.007857 0.018095
0 0.038571 0.644762 0.010000 0.019048
0 0.020357 0.613810 0.012143 0.020000
0 0.008929 0.623810 0.010714 0.022857
0 0.075000 0.659048 0.010000 0.017143
0 0.063571 0.665238 0.010000 0.020000
1 0.524643 0.231429 0.005000 0.005714
1 0.470000 0.200476 0.008571 0.004762
1 0.437143 0.228095 0.010000 0.006667
1 0.488929 0.222857 0.009286 0.007619
