2 0.177500 0.980476 0.007857 0.031429
2 0.208214 0.894286 0.012143 0.028571
2 0.255357 0.686667 0.016429 0.011429
2 0.218929 0.685238 0.016429 0.012381
2 0.221429 0.649524 0.008571 0.019048
2 0.261429 0.674762 0.017143 0.012381
2 0.276786 0.748095 0.016429 0.018095
2 0.215714 0.709524 0.007143 0.026667
1 0.281071 0.612381 0.032143 0.043810
1 0.294643 0.551905 0.020714 0.042857
2 0.361429 0.374762 0.002857 0.016190
2 0.280714 0.411905 0.002857 0.012381
0 0.285714 0.403810 0.004286 0.011429
1 0.390357 0.229048 0.012143 0.025714
2 0.248571 0.507619 0.010000 0.019048
2 0.314643 0.215238 0.009286 0.009524
2 0.289286 0.328095 0.007143 0.012381
2 0.290714 0.321905 0.008571 0.009524
1 0.313571 0.092857 0.021429 0.012381
1 0.315714 0.078571 0.020000 0.012381
1 0.317143 0.070476 0.018571 0.011429
1 0.320357 0.061905 0.019286 0.009524
1 0.322857 0.056667 0.018571 0.008571
1 0.321429 0.050476 0.018571 0.011429
2 0.385357 0.048571 0.003571 0.007619
0 0.621429 0.107143 0.002857 0.010476
0 0.543929 0.150476 0.002143 0.011429
1 0.609643 0.020476 0.017857 0.010476
1 0.597143 0.058571 0.010000 0.016190
2 0.712500 0.848095 0.016429 0.016190
1 0.303214 0.164762 0.020714 0.015238
0 0.307857 0.199048 0.007143 0.009524
