1 0.972250 0.612000 0.051500 0.048000
1 0.952250 0.574333 0.072500 0.046000
2 0.933250 0.404333 0.013500 0.026000
1 0.902750 0.398333 0.043500 0.031333
1 0.888500 0.353667 0.027000 0.028667
1 0.878500 0.320000 0.029000 0.028000
1 0.817250 0.415000 0.059500 0.030000
1 0.802000 0.401667 0.046000 0.030000
1 0.805000 0.390000 0.054000 0.026667
1 0.868500 0.302667 0.040000 0.022667
0 0.876000 0.272667 0.005000 0.013333
2 0.883500 0.276667 0.010000 0.012000
1 0.807750 0.299333 0.024500 0.021333
1 0.859250 0.225667 0.027500 0.014000
1 0.795750 0.213333 0.013500 0.012000
1 0.774750 0.205000 0.011500 0.012667
1 0.746500 0.318000 0.039000 0.024000
1 0.730000 0.292667 0.037000 0.016000
1 0.712000 0.273000 0.032000 0.019333
1 0.711000 0.268333 0.036000 0.018000
0 0.728750 0.248333 0.004500 0.015333
1 0.452750 0.289333 0.019500 0.022667
1 0.506250 0.329333 0.020500 0.024000
1 0.512500 0.299000 0.017000 0.022000
1 0.519000 0.253333 0.013000 0.017333
1 0.535250 0.332667 0.017500 0.024000
0 0.572000 0.243000 0.005000 0.016667
1 0.519750 0.207667 0.010500 0.012667
1 0.498250 0.160000 0.007500 0.009333
1 0.510250 0.149667 0.006500 0.008667
2 0.456750 0.214667 0.002500 0.010667
2 0.499000 0.143333 0.002000 0.005333
