1 0.333000 0.242333 0.029000 0.014000
1 0.373500 0.236667 0.031000 0.013333
1 0.381750 0.251000 0.028500 0.014000
1 0.417250 0.241333 0.028500 0.017333
1 0.455250 0.250000 0.026500 0.018667
1 0.520250 0.248000 0.027500 0.016000
1 0.634500 0.254667 0.026000 0.016000
1 0.680500 0.275000 0.028000 0.018000
1 0.674750 0.255000 0.030500 0.016667
1 0.485750 0.329000 0.016500 0.026000
1 0.527000 0.322667 0.015000 0.024000
1 0.542000 0.581000 0.024000 0.044667
1 0.559000 0.241333 0.027000 0.014667
1 0.554500 0.231333 0.025000 0.010667
1 0.582750 0.248000 0.024500 0.018667
1 0.600750 0.255667 0.025500 0.016667
1 0.585750 0.269000 0.027500 0.015333
1 0.719000 0.242333 0.024000 0.015333
1 0.721750 0.253667 0.030500 0.015333
1 0.728250 0.266000 0.033500 0.021333
1 0.790250 0.194000 0.011500 0.020000
1 0.777500 0.204333 0.020000 0.016667
1 0.783500 0.183667 0.015000 0.014000
1 0.813250 0.191333 0.016500 0.018667
1 0.316500 0.287667 0.037000 0.023333
1 0.406250 0.288000 0.025500 0.017333
1 0.960000 0.703333 0.057000 0.062667
0 0.613500 0.456333 0.007000 0.019333
0 0.639750 0.466000 0.006500 0.018667
0 0.445000 0.394667 0.006000 0.018667
0 0.409750 0.459000 0.004500 0.016667
0 0.403750 0.460000 0.004500 0.020000
0 0.457750 0.341333 0.006500 0.017333
0 0.437250 0.223333 0.006500 0.017333
1 0.532000 0.368000 0.016000 0.022667
0 0.872250 0.522667 0.008500 0.026667
1 0.665500 0.233000 0.024000 0.014000
0 0.536750 0.216667 0.004500 0.013333
0 0.559500 0.225333 0.005000 0.013333
0 0.511250 0.215667 0.003500 0.012667
1 0.483250 0.212000 0.009500 0.014667
2 0.452000 0.297333 0.013000 0.010667
2 0.410250 0.215000 0.003500 0.010000
2 0.403500 0.216000 0.004000 0.012000
2 0.422000 0.215000 0.004000 0.011333
1 0.758000 0.166333 0.010000 0.018000
1 0.775250 0.168000 0.013500 0.013333
2 0.446250 0.584000 0.008500 0.021333
