1 0.532500 0.645238 0.050714 0.090476
1 0.122143 0.035238 0.017143 0.024762
1 0.133929 0.079524 0.015000 0.023810
1 0.140714 0.099048 0.017143 0.026667
1 0.051071 0.171905 0.046429 0.029524
1 0.053214 0.189048 0.043571 0.023810
2 0.486429 0.576667 0.021429 0.035238
2 0.389286 0.608571 0.025714 0.028571
2 0.347143 0.706667 0.027143 0.019048
0 0.450000 0.822381 0.007143 0.018095
2 0.376429 0.594762 0.034286 0.029524
0 0.137857 0.857619 0.017143 0.012381
0 0.600714 0.414762 0.005714 0.023810
0 0.857500 0.465714 0.016429 0.030476
0 0.838571 0.514286 0.017143 0.020952
2 0.351786 0.316190 0.009286 0.022857
2 0.226429 0.035238 0.007143 0.019048
2 0.258214 0.713333 0.027857 0.024762
