1 0.513214 0.660952 0.055000 0.057143
1 0.596071 0.651905 0.036429 0.048571
1 0.640000 0.650952 0.034286 0.050476
1 0.617143 0.612857 0.027143 0.033333
1 0.744643 0.613333 0.026429 0.038095
1 0.772857 0.579048 0.022857 0.022857
1 0.761071 0.531429 0.013571 0.013333
1 0.769643 0.506190 0.010714 0.012381
1 0.724643 0.490476 0.009286 0.011429
1 0.747500 0.467619 0.005000 0.005714
1 0.761786 0.469048 0.005000 0.004762
1 0.798571 0.460476 0.004286 0.004762
1 0.796429 0.454762 0.004286 0.004762
1 0.781071 0.456190 0.003571 0.003810
0 0.028929 0.655238 0.012143 0.043810
0 0.037500 0.651905 0.012143 0.046667
