2 0.387857 0.909048 0.037143 0.018095
1 0.472500 0.907143 0.037857 0.117143
0 0.470000 0.791429 0.007143 0.013333
0 0.476786 0.800000 0.007857 0.022857
1 0.430000 0.822857 0.037143 0.112381
1 0.360714 0.699048 0.068571 0.049524
1 0.370714 0.594286 0.070000 0.043810
2 0.410357 0.564762 0.023571 0.020952
0 0.396071 0.551429 0.009286 0.020952
0 0.427500 0.564286 0.009286 0.018095
0 0.442500 0.592381 0.010714 0.015238
1 0.412500 0.511429 0.027857 0.076190
2 0.527500 0.503333 0.010714 0.035238
1 0.408929 0.436667 0.026429 0.063810
1 0.412500 0.350952 0.035000 0.067619
1 0.404643 0.287143 0.025000 0.063810
1 0.437143 0.268095 0.025714 0.065714
2 0.400000 0.219524 0.020000 0.021905
2 0.376071 0.297143 0.015000 0.036190
0 0.412857 0.111429 0.005714 0.022857
2 0.713571 0.759048 0.017143 0.041905
2 0.725000 0.926190 0.025714 0.056190
1 0.840357 0.944762 0.060714 0.110476
2 0.815000 0.861429 0.025714 0.025714
2 0.813214 0.817143 0.016429 0.040000
1 0.733571 0.543333 0.047143 0.084762
1 0.668929 0.470952 0.035000 0.077143
1 0.712500 0.449048 0.043571 0.077143
1 0.667143 0.366190 0.038571 0.069524
1 0.683571 0.316190 0.035714 0.064762
2 0.667143 0.279048 0.020000 0.022857
2 0.667857 0.255238 0.021429 0.020952
2 0.621786 0.278095 0.013571 0.024762
2 0.606071 0.316190 0.012143 0.036190
1 0.625000 0.233810 0.032857 0.058095
2 0.568571 0.200952 0.011429 0.028571
1 0.571071 0.063810 0.033571 0.041905
1 0.608571 0.036667 0.022857 0.039048
1 0.582143 0.011429 0.021429 0.022857
0 0.436429 0.015238 0.007143 0.024762
