1 0.760500 0.954000 0.148000 0.092000
1 0.671000 0.817333 0.080000 0.205333
1 0.447500 0.597000 0.120000 0.138000
1 0.214750 0.309333 0.085500 0.049333
1 0.152750 0.256000 0.088500 0.056000
1 0.161750 0.233000 0.084500 0.050000
1 0.081750 0.145333 0.059500 0.036000
1 0.051000 0.140667 0.066000 0.036000
1 0.088750 0.114667 0.035500 0.032000
1 0.020250 0.121000 0.040500 0.032667
1 0.018500 0.082000 0.034000 0.033333
1 0.051500 0.075333 0.032000 0.033333
1 0.049000 0.024333 0.031000 0.024667
1 0.664500 0.413333 0.088000 0.088000
1 0.541750 0.345667 0.049500 0.062000
1 0.442750 0.271333 0.056500 0.053333
2 0.972750 0.623667 0.054500 0.060667
2 0.649750 0.332333 0.018500 0.036667
2 0.309500 0.125667 0.009000 0.024667
1 0.195750 0.086333 0.039500 0.034000
1 0.126000 0.042000 0.037000 0.026667
