1 0.017000 0.290333 0.034000 0.040667
1 0.142000 0.276667 0.038000 0.040000
1 0.133250 0.203333 0.052500 0.032000
0 0.201000 0.154667 0.009000 0.021333
2 0.201750 0.130000 0.007500 0.017333
1 0.304500 0.084333 0.013000 0.012667
1 0.278250 0.081333 0.022500 0.010667
1 0.280750 0.078000 0.017500 0.010667
2 0.248750 0.087667 0.004500 0.015333
2 0.252250 0.089000 0.003500 0.014000
0 0.295500 0.069000 0.003000 0.010000
1 0.296250 0.065000 0.010500 0.010000
1 0.310000 0.053333 0.008000 0.009333
0 0.308250 0.061333 0.001500 0.008000
1 0.334500 0.059000 0.008000 0.010000
1 0.318000 0.045333 0.007000 0.009333
1 0.340500 0.050667 0.007000 0.010667
1 0.323250 0.042333 0.005500 0.007333
2 0.328750 0.053667 0.002500 0.007333
2 0.329750 0.046333 0.001500 0.007333
2 0.336250 0.049000 0.002500 0.007333
1 0.349000 0.043667 0.007000 0.010000
1 0.329000 0.038667 0.006000 0.006667
1 0.335500 0.032333 0.006000 0.006000
1 0.340500 0.030000 0.006000 0.005333
1 0.342000 0.027000 0.004000 0.006000
1 0.349000 0.190333 0.020000 0.023333
1 0.377500 0.060000 0.009000 0.010667
0 0.383500 0.133000 0.007000 0.019333
0 0.446250 0.121667 0.003500 0.015333
2 0.413750 0.100333 0.003500 0.008667
1 0.392500 0.080333 0.010000 0.012667
1 0.427750 0.109333 0.011500 0.017333
1 0.426500 0.101667 0.011000 0.010000
1 0.425750 0.088333 0.009500 0.011333
1 0.426000 0.071000 0.007000 0.008667
1 0.426500 0.066000 0.008000 0.009333
1 0.425750 0.068000 0.007500 0.006667
1 0.437500 0.067000 0.008000 0.011333
2 0.446000 0.086667 0.009000 0.008000
0 0.511000 0.195000 0.007000 0.023333
1 0.444500 0.060333 0.017000 0.010000
1 0.415000 0.053333 0.008000 0.006667
1 0.407250 0.035667 0.006500 0.006000
1 0.397500 0.014667 0.004000 0.004000
1 0.404250 0.020333 0.003500 0.003333
1 0.430000 0.256333 0.023000 0.030000
1 0.305250 0.350667 0.037500 0.045333
1 0.422250 0.325000 0.034500 0.055333
1 0.434250 0.368333 0.034500 0.066000
2 0.522750 0.263000 0.018500 0.016667
2 0.544500 0.355333 0.025000 0.036000
1 0.424750 0.460333 0.048500 0.071333
2 0.451000 0.566000 0.020000 0.037333
1 0.447500 0.875000 0.075000 0.204667
