1 0.203929 0.869048 0.062143 0.054286
1 0.541429 0.866190 0.035714 0.082857
1 0.719643 0.694286 0.052143 0.036190
1 0.745000 0.626190 0.041429 0.035238
1 0.786786 0.647143 0.046429 0.035238
1 0.804643 0.600000 0.039286 0.030476
1 0.486786 0.671429 0.029286 0.062857
1 0.578214 0.631905 0.036429 0.054286
1 0.556429 0.579524 0.030000 0.054286
1 0.535357 0.523333 0.026429 0.050476
1 0.478929 0.611429 0.030714 0.051429
1 0.461071 0.561429 0.026429 0.046667
1 0.381071 0.260000 0.016429 0.026667
1 0.394643 0.302857 0.013571 0.026667
1 0.440000 0.255714 0.014286 0.027619
2 0.677857 0.911429 0.017143 0.019048
2 0.686786 0.935714 0.025000 0.025714
2 0.663214 0.696190 0.016429 0.019048
2 0.705000 0.740000 0.011429 0.034286
2 0.719286 0.735238 0.014286 0.028571
2 0.778571 0.611429 0.007143 0.022857
2 0.735714 0.671905 0.018571 0.016190
2 0.770714 0.678571 0.020000 0.016190
2 0.835000 0.559524 0.012857 0.014286
2 0.732857 0.726667 0.017143 0.024762
2 0.740714 0.715238 0.020000 0.032381
2 0.657500 0.724762 0.019286 0.019048
0 0.651071 0.716667 0.010714 0.014286
0 0.696071 0.690000 0.007857 0.016190
0 0.549643 0.614286 0.009286 0.015238
0 0.549643 0.443810 0.006429 0.019048
0 0.774286 0.573333 0.005714 0.020952
0 0.782857 0.577143 0.007143 0.015238
0 0.399643 0.196667 0.007857 0.012381
