0 0.590250 0.359667 0.011500 0.042000
2 0.622750 0.403333 0.030500 0.024000
2 0.617500 0.382333 0.030000 0.026000
2 0.691500 0.555000 0.043000 0.043333
2 0.673250 0.534667 0.033500 0.026667
2 0.476500 0.365667 0.012000 0.051333
2 0.570250 0.346667 0.010500 0.041333
2 0.593250 0.368000 0.012500 0.046667
2 0.615500 0.454000 0.033000 0.024000
2 0.629500 0.465333 0.032000 0.022667
2 0.637750 0.481333 0.027500 0.037333
2 0.643500 0.488667 0.032000 0.029333
2 0.649000 0.500333 0.044000 0.030000
2 0.659000 0.515667 0.038000 0.030000
2 0.710750 0.582667 0.043500 0.041333
0 0.350000 0.726667 0.032000 0.069333
2 0.378500 0.499333 0.024000 0.066667
0 0.112750 0.883667 0.051500 0.058000
0 0.798750 0.984667 0.037500 0.030667
2 0.518500 0.404000 0.016000 0.024000
2 0.650500 0.321667 0.023000 0.035333
1 0.381250 0.053667 0.042500 0.023333
1 0.370000 0.037333 0.034000 0.029333
1 0.173000 0.017333 0.036000 0.025333
1 0.178250 0.048000 0.041500 0.022667
1 0.174500 0.035333 0.040000 0.024000
