1 0.565357 0.946667 0.046429 0.106667
1 0.551071 0.647619 0.037857 0.114286
0 0.526429 0.762381 0.010000 0.016190
0 0.477857 0.755714 0.010000 0.016190
0 0.531786 0.390000 0.012143 0.020000
0 0.468214 0.350476 0.013571 0.028571
0 0.523929 0.332857 0.009286 0.023810
0 0.522500 0.256190 0.010714 0.022857
0 0.501786 0.184762 0.009286 0.022857
0 0.487500 0.114286 0.009286 0.030476
0 0.477143 0.056667 0.010000 0.029524
2 0.461786 0.022857 0.012143 0.040000
1 0.467143 0.153810 0.031429 0.088571
2 0.497857 0.297143 0.014286 0.053333
