1 0.091000 0.982000 0.140000 0.036000
1 0.251750 0.970333 0.107500 0.059333
0 0.382250 0.974333 0.016500 0.023333
0 0.468000 0.785667 0.016000 0.026000
1 0.368750 0.690000 0.045500 0.125333
0 0.650000 0.725333 0.020000 0.030667
2 0.552000 0.601000 0.017000 0.046000
0 0.651750 0.503667 0.012500 0.031333
0 0.699250 0.507667 0.013500 0.024667
2 0.952750 0.778667 0.043500 0.024000
0 0.987250 0.516000 0.024500 0.032000
1 0.877000 0.441667 0.025000 0.028667
0 0.482750 0.527333 0.013500 0.028000
2 0.456000 0.408000 0.014000 0.036000
0 0.412500 0.384000 0.010000 0.028000
0 0.419750 0.385333 0.007500 0.017333
0 0.453250 0.373000 0.009500 0.031333
0 0.451750 0.361667 0.009500 0.024667
0 0.468250 0.318667 0.009500 0.029333
0 0.459250 0.272667 0.011500 0.032000
0 0.458250 0.242333 0.012500 0.028667
1 0.570250 0.368667 0.042500 0.086667
2 0.510500 0.195333 0.011000 0.028000
2 0.430500 0.089000 0.015000 0.027333
0 0.453500 0.034333 0.008000 0.032667
0 0.520000 0.025333 0.011000 0.021333
2 0.496500 0.012000 0.008000 0.020000
0 0.446500 0.013667 0.007000 0.020667
