1 0.443111 0.755566 0.057411 0.076994
1 0.561587 0.609926 0.040710 0.064007
2 0.406315 0.732375 0.020355 0.030612
2 0.526096 0.608998 0.010438 0.026902
2 0.587422 0.539889 0.020355 0.024119
2 0.580376 0.525974 0.010438 0.029685
2 0.571764 0.555659 0.013048 0.025974
0 0.382568 0.738404 0.011482 0.024119
0 0.507568 0.627551 0.006785 0.026902
0 0.514875 0.640538 0.007829 0.023191
1 0.834812 0.253247 0.021399 0.020408
1 0.832724 0.251855 0.023486 0.025046
1 0.846033 0.237013 0.020877 0.019481
1 0.871868 0.200371 0.024530 0.031540
1 0.887526 0.223098 0.015136 0.019481
0 0.789927 0.333952 0.004697 0.020408
0 0.795668 0.313080 0.006785 0.025046
2 0.471294 0.628479 0.013570 0.015770
0 0.620564 0.440167 0.004175 0.019481
0 0.615344 0.439703 0.004175 0.022263
2 0.659969 0.438312 0.013048 0.008349
2 0.682411 0.524583 0.009916 0.015770
0 0.451722 0.615028 0.005741 0.011132
0 0.529228 0.545455 0.010438 0.014842
2 0.482255 0.648887 0.013570 0.026902
