1 0.677857 0.709524 0.050000 0.034286
1 0.320714 0.489524 0.021429 0.041905
1 0.445000 0.788571 0.042857 0.062857
1 0.395714 0.331429 0.015714 0.020952
1 0.384643 0.270952 0.013571 0.016190
0 0.341786 0.160476 0.003571 0.010476
0 0.357143 0.189048 0.002857 0.012381
0 0.371786 0.356667 0.005000 0.014286
2 0.338929 0.330000 0.005000 0.012381
0 0.232857 0.282857 0.005714 0.015238
0 0.236786 0.273810 0.003571 0.012381
0 0.243929 0.264286 0.005000 0.012381
0 0.247143 0.259524 0.004286 0.012381
0 0.292857 0.029524 0.001429 0.005714
0 0.296429 0.107143 0.002857 0.010476
0 0.179643 0.249524 0.006429 0.015238
1 0.153929 0.191905 0.010714 0.014286
0 0.140357 0.277143 0.005000 0.015238
0 0.146071 0.269524 0.005000 0.017143
2 0.669286 0.634286 0.018571 0.019048
2 0.700714 0.639048 0.015714 0.013333
2 0.727143 0.695714 0.018571 0.014286
0 0.480357 0.564286 0.006429 0.018095
1 0.529643 0.217143 0.009286 0.013333
1 0.895714 0.317143 0.012857 0.015238
2 0.798214 0.961429 0.026429 0.016190
0 0.350714 0.676190 0.010000 0.026667
