1 0.498173 0.804267 0.023486 0.079777
1 0.491910 0.725417 0.023486 0.074212
1 0.466075 0.736085 0.020877 0.073284
1 0.408142 0.743043 0.021921 0.070501
2 0.381263 0.790816 0.007829 0.036178
1 0.453288 0.515770 0.019311 0.048237
1 0.473643 0.500000 0.013048 0.035250
1 0.468163 0.462430 0.022965 0.045455
1 0.450157 0.466141 0.016180 0.045455
1 0.456681 0.319109 0.014614 0.035250
1 0.454854 0.269017 0.014092 0.033395
1 0.614040 0.268089 0.017223 0.027829
1 0.633090 0.264842 0.017745 0.026902
1 0.652923 0.262987 0.019833 0.036178
1 0.746608 0.477273 0.029749 0.045455
1 0.835595 0.271800 0.024008 0.031540
1 0.788622 0.238868 0.030271 0.026902
1 0.796712 0.203154 0.027662 0.022263
0 0.659708 0.116883 0.005219 0.014842
1 0.540188 0.115028 0.022965 0.016698
2 0.447025 0.097403 0.006785 0.011132
2 0.441545 0.235158 0.009395 0.010204
0 0.398747 0.129870 0.004175 0.016698
0 0.455376 0.033859 0.003653 0.010204
0 0.424582 0.059369 0.003653 0.012987
1 0.397443 0.085343 0.016180 0.018553
1 0.405010 0.079314 0.018789 0.017625
1 0.409447 0.072820 0.015136 0.013915
1 0.414144 0.067718 0.016180 0.014842
0 0.388309 0.141929 0.005219 0.016698
1 0.370303 0.157236 0.022443 0.019481
1 0.362474 0.172542 0.021399 0.018553
0 0.376566 0.302412 0.003653 0.016698
1 0.383612 0.449443 0.036534 0.026902
1 0.382829 0.468460 0.034969 0.020408
1 0.383873 0.520872 0.037056 0.026902
1 0.386482 0.541744 0.039144 0.020408
1 0.602296 0.008813 0.008351 0.013915
