1 0.936000 0.225333 0.021000 0.025333
1 0.902250 0.249000 0.021500 0.028667
1 0.887250 0.253667 0.025500 0.032667
0 0.892500 0.266000 0.009000 0.028000
0 0.918000 0.289667 0.010000 0.034000
2 0.876500 0.286667 0.013000 0.021333
0 0.936250 0.280667 0.011500 0.029333
0 0.523250 0.525667 0.022500 0.064667
0 0.531750 0.523000 0.010500 0.038000
0 0.593250 0.460667 0.014500 0.065333
2 0.381750 0.740333 0.060500 0.059333
1 0.472500 0.880667 0.242000 0.238667
0 0.580250 0.632667 0.022500 0.082667
0 0.569500 0.667000 0.030000 0.084667
0 0.647500 0.608333 0.020000 0.088667
0 0.667500 0.615000 0.019000 0.084667
1 0.909000 0.656333 0.120000 0.139333
0 0.804250 0.751667 0.024500 0.087333
0 0.824250 0.767000 0.029500 0.112667
2 0.915500 0.803667 0.090000 0.074000
