1 0.537500 0.071667 0.020000 0.026000
1 0.516500 0.104000 0.022000 0.018667
0 0.421750 0.159333 0.009500 0.028000
1 0.444250 0.210000 0.023500 0.033333
2 0.292250 0.384333 0.019500 0.023333
0 0.293250 0.424333 0.014500 0.028667
2 0.238750 0.406000 0.015500 0.030667
0 0.248750 0.524667 0.016500 0.029333
2 0.144500 0.522667 0.034000 0.016000
2 0.375250 0.561667 0.018500 0.024667
0 0.431000 0.579333 0.012000 0.032000
2 0.425500 0.562667 0.024000 0.024000
2 0.462750 0.567333 0.024500 0.026667
0 0.464250 0.560667 0.008500 0.016000
0 0.437000 0.532667 0.011000 0.032000
0 0.449000 0.521000 0.007000 0.019333
2 0.394500 0.540667 0.030000 0.020000
2 0.394000 0.507667 0.023000 0.026000
0 0.441000 0.519333 0.011000 0.032000
0 0.425250 0.472667 0.012500 0.024000
0 0.622750 0.505667 0.006500 0.018000
0 0.622500 0.481000 0.011000 0.032667
2 0.605750 0.657667 0.019500 0.044667
2 0.587250 0.692000 0.016500 0.048000
0 0.549750 0.684000 0.015500 0.050667
0 0.074750 0.968333 0.033500 0.040667
1 0.222000 0.963667 0.120000 0.072667
1 0.395500 0.928667 0.129000 0.116000
1 0.514250 0.959000 0.132500 0.082000
1 0.752750 0.960000 0.136500 0.080000
0 0.538000 0.818667 0.012000 0.028000
0 0.575000 0.801333 0.014000 0.030667
2 0.569500 0.768333 0.033000 0.043333
2 0.583250 0.847667 0.022500 0.058000
1 0.664500 0.792667 0.063000 0.138667
1 0.731750 0.765000 0.053500 0.124667
1 0.836500 0.752000 0.103000 0.098667
1 0.935500 0.692333 0.102000 0.078000
1 0.941500 0.778000 0.105000 0.089333
2 0.993250 0.646667 0.013500 0.044000
1 0.982000 0.839333 0.036000 0.084000
1 0.918250 0.894667 0.117500 0.078667
2 0.885500 0.981333 0.045000 0.037333
0 0.948750 0.991000 0.019500 0.018000
