1 0.206000 0.191667 0.007000 0.012667
1 0.221500 0.174667 0.007000 0.009333
1 0.225750 0.197000 0.007500 0.010000
1 0.272500 0.219000 0.007000 0.012667
1 0.246000 0.235000 0.010000 0.014000
1 0.284000 0.249000 0.016000 0.016667
1 0.357000 0.279000 0.018000 0.018000
1 0.362250 0.321667 0.015500 0.022000
1 0.467750 0.422000 0.037500 0.045333
1 0.484500 0.368000 0.031000 0.029333
1 0.923250 0.935000 0.135500 0.130000
2 0.713500 0.517000 0.019000 0.030000
1 0.604750 0.316333 0.032500 0.015333
1 0.629500 0.330333 0.027000 0.015333
1 0.646000 0.338000 0.031000 0.020000
1 0.735250 0.325667 0.034500 0.019333
1 0.814750 0.414667 0.043500 0.033333
0 0.625750 0.308333 0.003500 0.015333
0 0.613750 0.311000 0.004500 0.015333
1 0.782000 0.350333 0.030000 0.016667
