1 0.033000 0.811667 0.026000 0.043333
1 0.062000 0.771667 0.025000 0.039333
1 0.054750 0.539333 0.019500 0.022667
1 0.095000 0.570333 0.017000 0.022000
1 0.114000 0.617667 0.020000 0.026000
1 0.089250 0.553333 0.018500 0.022667
0 0.133250 0.542333 0.005500 0.014000
2 0.015750 0.486333 0.004500 0.011333
1 0.062500 0.453000 0.026000 0.019333
0 0.098500 0.490667 0.005000 0.013333
0 0.073000 0.462000 0.005000 0.010667
0 0.065000 0.390333 0.004000 0.010000
1 0.064000 0.423667 0.022000 0.012667
1 0.043750 0.426333 0.013500 0.014000
1 0.038500 0.415000 0.012000 0.014000
1 0.057750 0.410333 0.021500 0.012667
1 0.061000 0.402000 0.023000 0.010667
1 0.050500 0.395333 0.020000 0.010667
1 0.048000 0.381000 0.019000 0.011333
1 0.031500 0.392333 0.011000 0.011333
1 0.027250 0.382667 0.012500 0.012000
1 0.022000 0.365667 0.010000 0.010000
2 0.033250 0.396667 0.008500 0.006667
0 0.001750 0.342000 0.003500 0.009333
1 0.016750 0.351000 0.009500 0.010000
0 0.110750 0.528333 0.005500 0.014000
2 0.109500 0.558000 0.010000 0.009333
2 0.104500 0.543667 0.012000 0.008667
2 0.119000 0.685333 0.007000 0.016000
1 0.123500 0.641333 0.020000 0.026667
1 0.133000 0.669333 0.023000 0.029333
1 0.156250 0.735333 0.024500 0.036000
1 0.167250 0.768667 0.028500 0.041333
0 0.160000 0.634000 0.006000 0.017333
0 0.212250 0.951000 0.006500 0.024667
1 0.436250 0.918000 0.049500 0.050667
1 0.404250 0.875667 0.046500 0.048667
0 0.568250 0.990333 0.005500 0.019333
1 0.491250 0.815000 0.040500 0.040667
1 0.519750 0.683667 0.032500 0.028667
1 0.509750 0.666333 0.034500 0.028667
1 0.496250 0.651000 0.033500 0.022000
1 0.486750 0.614000 0.025500 0.021333
1 0.531000 0.560667 0.030000 0.024000
1 0.934250 0.510333 0.026500 0.020667
1 0.961750 0.495000 0.023500 0.020667
1 0.982750 0.455000 0.021500 0.018000
1 0.925750 0.482667 0.023500 0.018667
1 0.933750 0.441667 0.022500 0.018000
