2 0.103601 0.497681 0.025574 0.019481
2 0.097860 0.529685 0.026618 0.018553
0 0.207463 0.484230 0.014092 0.022263
0 0.207724 0.520872 0.011482 0.025046
1 0.306106 0.445269 0.029749 0.094620
2 0.358299 0.414657 0.007829 0.035250
0 0.379436 0.542208 0.008351 0.023191
1 0.444937 0.463822 0.024530 0.102041
1 0.579854 0.465677 0.025052 0.090909
1 0.640397 0.472635 0.025052 0.076994
1 0.742432 0.478664 0.031837 0.102041
1 0.819676 0.343228 0.027662 0.074212
1 0.836900 0.433210 0.031837 0.085343
1 0.912578 0.434137 0.040188 0.090909
1 0.990605 0.442486 0.017745 0.089054
2 0.077505 0.552412 0.027662 0.017625
2 0.074113 0.497681 0.025052 0.017625
1 0.039405 0.323284 0.042276 0.080705
0 0.018528 0.564471 0.013048 0.023191
0 0.027401 0.527829 0.019311 0.027829
0 0.031315 0.548237 0.013570 0.022263
