2 0.547756 0.243970 0.003653 0.012987
2 0.553758 0.210111 0.004175 0.010204
2 0.562370 0.212894 0.003653 0.010204
2 0.541493 0.100186 0.003653 0.007421
2 0.602557 0.489796 0.005741 0.016698
2 0.578027 0.366883 0.004697 0.021336
1 0.521921 0.075139 0.009395 0.012987
1 0.507568 0.035250 0.006785 0.011132
1 0.516180 0.025046 0.006263 0.009276
1 0.479123 0.055195 0.007307 0.012059
2 0.442067 0.138219 0.003132 0.007421
2 0.423800 0.278293 0.004175 0.011132
2 0.403445 0.432746 0.005219 0.015770
2 0.351514 0.660946 0.010960 0.039889
2 0.722860 0.878015 0.015658 0.043599
