1 0.234286 0.978095 0.014286 0.030476
1 0.427143 0.784762 0.011429 0.020952
1 0.424286 0.758095 0.010000 0.019048
1 0.446786 0.821905 0.016429 0.019048
1 0.430000 0.690476 0.014286 0.011429
1 0.446429 0.683810 0.007143 0.015238
1 0.411071 0.674762 0.007857 0.014286
1 0.467143 0.749524 0.014286 0.011429
1 0.466429 0.762857 0.012857 0.011429
1 0.467857 0.755714 0.014286 0.012381
1 0.508571 0.533333 0.010000 0.007619
1 0.507143 0.530952 0.010000 0.008571
1 0.509286 0.526667 0.010000 0.007619
1 0.490357 0.390000 0.005000 0.004762
1 0.513571 0.341905 0.002857 0.003810
1 0.511429 0.379048 0.004286 0.005714
1 0.515357 0.359048 0.003571 0.003810
1 0.517857 0.356667 0.002857 0.004762
1 0.518929 0.353333 0.003571 0.003810
