0 0.641071 0.735238 0.010714 0.017143
0 0.647143 0.749524 0.008571 0.020952
0 0.468214 0.843810 0.010714 0.017143
0 0.348214 0.988571 0.013571 0.015238
0 0.528929 0.909524 0.009286 0.019048
2 0.356071 0.917143 0.027857 0.022857
0 0.172857 0.926190 0.012857 0.016190
0 0.164643 0.934286 0.015000 0.019048
0 0.662857 0.519524 0.010000 0.016190
1 0.380357 0.396667 0.026429 0.035238
1 0.508929 0.315714 0.036429 0.020000
1 0.505000 0.327619 0.035714 0.019048
1 0.501429 0.343810 0.035714 0.019048
1 0.596786 0.288095 0.015000 0.021905
1 0.604643 0.265238 0.015000 0.018095
2 0.677857 0.364286 0.007143 0.014286
2 0.817500 0.401429 0.006429 0.014286
2 0.687500 0.297143 0.006429 0.009524
2 0.692857 0.251429 0.004286 0.009524
0 0.675714 0.276190 0.004286 0.011429
1 0.615000 0.222857 0.014286 0.020952
1 0.360357 0.088571 0.017857 0.009524
1 0.325357 0.091905 0.013571 0.012381
1 0.717857 0.005714 0.007143 0.007619
1 0.715714 0.068571 0.007143 0.015238
0 0.756786 0.161905 0.003571 0.009524
2 0.768214 0.163333 0.006429 0.012381
