1 0.248250 0.727333 0.058500 0.108000
0 0.151750 0.699667 0.018500 0.044667
0 0.165250 0.705000 0.015500 0.043333
1 0.302000 0.539667 0.039000 0.072667
1 0.318750 0.435333 0.030500 0.054667
0 0.418000 0.075333 0.003000 0.012000
0 0.401500 0.076000 0.003000 0.016000
0 0.353250 0.111667 0.004500 0.016667
2 0.396250 0.134000 0.004500 0.012000
2 0.395250 0.125333 0.005500 0.010667
1 0.378750 0.152667 0.016500 0.022667
1 0.381750 0.132333 0.014500 0.023333
1 0.410750 0.135333 0.016500 0.026667
1 0.332500 0.126333 0.030000 0.018000
1 0.338250 0.100667 0.012500 0.018667
1 0.342750 0.083000 0.027500 0.016667
1 0.331250 0.072333 0.014500 0.015333
0 0.989250 0.753667 0.021500 0.042000
1 0.907500 0.677333 0.078000 0.097333
1 0.638000 0.206667 0.024000 0.024000
1 0.587750 0.112000 0.014500 0.017333
1 0.566000 0.066667 0.010000 0.012000
1 0.531000 0.005000 0.008000 0.010000
