2 0.433929 0.875714 0.030714 0.044762
1 0.788214 0.964286 0.085000 0.071429
1 0.698571 0.856667 0.085714 0.115238
1 0.623571 0.748571 0.075714 0.093333
2 0.695000 0.770952 0.021429 0.044762
2 0.672500 0.723810 0.025000 0.036190
2 0.637857 0.695238 0.034286 0.028571
2 0.461786 0.582857 0.025000 0.047619
0 0.642500 0.597143 0.010714 0.024762
0 0.622857 0.594762 0.010000 0.029524
2 0.596071 0.585714 0.013571 0.049524
0 0.607143 0.568095 0.015714 0.025714
2 0.598571 0.544762 0.015714 0.038095
2 0.623214 0.568571 0.020714 0.036190
1 0.682500 0.562381 0.056429 0.060000
1 0.627143 0.510000 0.052857 0.050476
1 0.655357 0.497619 0.049286 0.052381
1 0.673571 0.486190 0.047143 0.044762
1 0.691429 0.472381 0.047143 0.043810
2 0.588929 0.444762 0.017857 0.030476
2 0.482857 0.396190 0.022857 0.026667
1 0.592143 0.371429 0.047143 0.051429
2 0.459286 0.335714 0.025714 0.023810
0 0.504286 0.300476 0.011429 0.023810
2 0.474286 0.275238 0.015714 0.020952
2 0.396786 0.305714 0.016429 0.020952
1 0.275357 0.290000 0.046429 0.035238
2 0.157500 0.492857 0.016429 0.027619
2 0.321071 0.511429 0.032143 0.030476
1 0.255000 0.271905 0.051429 0.033333
1 0.227857 0.245714 0.047143 0.024762
2 0.352857 0.256667 0.017143 0.018095
2 0.327857 0.266190 0.014286 0.025714
2 0.323929 0.253333 0.013571 0.019048
2 0.331786 0.252381 0.017857 0.020952
2 0.308929 0.254286 0.010714 0.024762
2 0.303571 0.248095 0.012857 0.021905
1 0.250000 0.210952 0.045714 0.031429
0 0.221071 0.210000 0.007857 0.020000
1 0.220357 0.190952 0.043571 0.027619
2 0.161429 0.239048 0.010000 0.017143
2 0.112500 0.232381 0.010714 0.017143
2 0.085714 0.248095 0.008571 0.025714
1 0.138929 0.213333 0.022143 0.034286
1 0.044643 0.627619 0.089286 0.059048
0 0.011071 0.520000 0.017857 0.032381
0 0.021429 0.504762 0.015714 0.028571
0 0.006786 0.505714 0.013571 0.028571
1 0.050357 0.372857 0.055000 0.042857
1 0.040000 0.318571 0.062857 0.037143
1 0.040000 0.300952 0.057143 0.038095
1 0.030714 0.267143 0.051429 0.035238
0 0.095714 0.164286 0.011429 0.016190
0 0.100714 0.159048 0.010000 0.019048
0 0.093571 0.154762 0.005714 0.014286
1 0.077500 0.147143 0.042143 0.023810
1 0.103214 0.130000 0.032143 0.023810
0 0.164643 0.097619 0.009286 0.020000
0 0.150714 0.120476 0.007143 0.020000
0 0.183929 0.123810 0.007857 0.019048
0 0.194286 0.119524 0.008571 0.020000
1 0.231429 0.129048 0.018571 0.021905
1 0.202500 0.048571 0.023571 0.020952
1 0.227857 0.020476 0.014286 0.020000
2 0.135714 0.043810 0.014286 0.011429
2 0.840357 0.187143 0.015000 0.018095
2 0.824643 0.195238 0.012143 0.015238
1 0.173214 0.010000 0.026429 0.016190
