0 0.370000 0.270476 0.011429 0.009524
1 0.293214 0.930952 0.042143 0.033333
0 0.531786 0.260000 0.003571 0.009524
0 0.537143 0.256190 0.004286 0.011429
0 0.589286 0.293810 0.008571 0.010476
0 0.523571 0.218095 0.005714 0.011429
2 0.975714 0.719048 0.011429 0.026667
2 0.923214 0.699524 0.020714 0.008571
2 0.922143 0.686190 0.022857 0.012381
2 0.920357 0.667619 0.020714 0.013333
2 0.920000 0.647143 0.021429 0.008571
2 0.921786 0.636667 0.020714 0.012381
0 0.925000 0.620952 0.010000 0.007619
2 0.917500 0.614762 0.020714 0.012381
