1 0.604286 0.831429 0.077143 0.066667
1 0.628571 0.770476 0.087143 0.074286
1 0.681429 0.648095 0.075714 0.075238
1 0.742143 0.613333 0.087143 0.072381
2 0.505000 0.779048 0.018571 0.049524
1 0.500714 0.693333 0.050000 0.099048
1 0.522857 0.533810 0.045714 0.098095
1 0.592857 0.398095 0.051429 0.091429
1 0.575000 0.298571 0.071429 0.058095
1 0.596786 0.210000 0.040714 0.084762
1 0.647500 0.205714 0.037857 0.072381
1 0.671429 0.102857 0.041429 0.083810
2 0.675357 0.025238 0.016429 0.037143
2 0.697143 0.051905 0.021429 0.039048
2 0.711786 0.027619 0.015000 0.040000
2 0.691429 0.016667 0.014286 0.033333
2 0.653571 0.012857 0.015714 0.025714
1 0.338929 0.357143 0.062143 0.055238
1 0.350000 0.312857 0.071429 0.050476
1 0.374286 0.250952 0.077143 0.052381
1 0.357857 0.193333 0.067143 0.064762
1 0.339286 0.101905 0.067143 0.055238
1 0.354643 0.043333 0.067857 0.061905
2 0.426071 0.041905 0.017857 0.041905
1 0.461429 0.353333 0.048571 0.089524
1 0.489643 0.278095 0.045000 0.083810
1 0.516786 0.206667 0.045000 0.085714
1 0.543571 0.134286 0.044286 0.081905
1 0.567500 0.066190 0.043571 0.080952
1 0.589286 0.019524 0.038571 0.039048
0 0.174286 0.954762 0.017143 0.025714
2 0.198571 0.925238 0.037143 0.025714
2 0.260000 0.855714 0.020000 0.048571
2 0.245000 0.840000 0.018571 0.049524
2 0.109286 0.881905 0.038571 0.034286
2 0.066071 0.861429 0.036429 0.027619
2 0.043929 0.844286 0.046429 0.029524
1 0.304286 0.750476 0.057143 0.110476
2 0.285357 0.707143 0.015000 0.050476
0 0.225357 0.720952 0.019286 0.017143
0 0.069643 0.696190 0.022143 0.019048
2 0.144286 0.609048 0.032857 0.018095
2 0.157143 0.442857 0.031429 0.030476
2 0.173214 0.408095 0.032143 0.016190
2 0.197500 0.400476 0.029286 0.025714
2 0.178929 0.351905 0.030714 0.021905
2 0.191786 0.290952 0.029286 0.020000
2 0.211786 0.227619 0.032143 0.022857
2 0.197143 0.150000 0.024286 0.039048
2 0.138214 0.020476 0.023571 0.035238
0 0.144643 0.049048 0.016429 0.027619
1 0.235357 0.317619 0.047857 0.090476
