2 0.471786 0.955238 0.037857 0.047619
2 0.566786 0.725238 0.015000 0.054286
2 0.826071 0.964762 0.026429 0.051429
0 0.781429 0.920476 0.015714 0.018095
2 0.791071 0.840000 0.032143 0.026667
1 0.165000 0.983810 0.092857 0.032381
0 0.106786 0.902381 0.015000 0.020000
0 0.131786 0.937619 0.022143 0.018095
0 0.145714 0.886190 0.020000 0.025714
1 0.262500 0.832857 0.066429 0.109524
2 0.355000 0.710952 0.034286 0.021905
2 0.067500 0.771905 0.037857 0.020000
2 0.224643 0.693333 0.032143 0.034286
2 0.316786 0.666190 0.027857 0.025714
2 0.342143 0.653333 0.025714 0.028571
2 0.381071 0.632857 0.020714 0.037143
2 0.397500 0.609048 0.022143 0.040952
1 0.474286 0.613333 0.084286 0.070476
1 0.732857 0.680476 0.037143 0.090476
1 0.646071 0.532381 0.030714 0.085714
2 0.573571 0.479048 0.011429 0.043810
2 0.590357 0.440952 0.010714 0.041905
1 0.650714 0.370952 0.030000 0.069524
1 0.699643 0.260952 0.027857 0.057143
2 0.643571 0.280476 0.011429 0.029524
1 0.540000 0.331429 0.030000 0.064762
1 0.545000 0.254762 0.028571 0.069524
2 0.498929 0.295238 0.016429 0.030476
2 0.507857 0.280476 0.018571 0.023810
2 0.508214 0.265238 0.019286 0.023810
2 0.516071 0.256667 0.020714 0.021905
1 0.606429 0.166190 0.024286 0.060000
1 0.639643 0.172857 0.023571 0.056190
1 0.693571 0.188571 0.027143 0.055238
1 0.691071 0.131905 0.030714 0.058095
1 0.550000 0.115714 0.024286 0.050476
