1 0.321250 0.397000 0.009500 0.011333
0 0.373500 0.494000 0.004000 0.017333
0 0.368000 0.499667 0.004000 0.011333
1 0.258500 0.548333 0.023000 0.038000
1 0.338000 0.574667 0.032000 0.033333
1 0.313000 0.612333 0.042000 0.039333
1 0.462750 0.575333 0.033500 0.030667
1 0.513000 0.611333 0.046000 0.034667
1 0.537750 0.569333 0.042500 0.029333
1 0.559500 0.560333 0.039000 0.027333
1 0.797750 0.615667 0.052500 0.031333
1 0.715500 0.850667 0.053000 0.086667
0 0.760250 0.436000 0.004500 0.014667
0 0.752500 0.438333 0.004000 0.015333
0 0.736000 0.387333 0.003000 0.010667
0 0.705250 0.427000 0.003500 0.014000
0 0.712500 0.420333 0.003000 0.012667
0 0.717500 0.425333 0.003000 0.014667
0 0.719750 0.437000 0.005500 0.011333
0 0.852500 0.431000 0.004000 0.015333
0 0.907250 0.431667 0.003500 0.012667
0 0.925250 0.411333 0.004500 0.010667
0 0.930750 0.411667 0.004500 0.011333
0 0.916500 0.413333 0.005000 0.009333
0 0.960000 0.424000 0.006000 0.012000
0 0.966250 0.425667 0.004500 0.010000
0 0.985500 0.424000 0.005000 0.013333
0 0.971750 0.417000 0.004500 0.010000
0 0.981500 0.411333 0.004000 0.012000
0 0.996500 0.421667 0.005000 0.011333
0 0.720500 0.423333 0.004000 0.010667
0 0.666750 0.372000 0.002500 0.009333
0 0.672750 0.371667 0.002500 0.010000
0 0.675500 0.373333 0.002000 0.009333
0 0.655250 0.365667 0.002500 0.010000
0 0.681000 0.374000 0.002000 0.008000
