0 0.762500 0.983000 0.020000 0.024667
0 0.780750 0.933667 0.024500 0.020667
2 0.459250 0.769000 0.019500 0.046000
2 0.563500 0.717667 0.015000 0.050000
1 0.609000 0.704667 0.055000 0.134667
0 0.405750 0.731333 0.010500 0.022667
0 0.458000 0.716333 0.011000 0.022000
0 0.469750 0.710667 0.013500 0.024000
0 0.485750 0.673667 0.009500 0.024667
0 0.458750 0.695667 0.013500 0.023333
0 0.468750 0.549667 0.009500 0.027333
0 0.467250 0.501667 0.011500 0.024667
0 0.461000 0.242667 0.010000 0.033333
2 0.518750 0.286667 0.011500 0.030667
2 0.432000 0.264667 0.015000 0.033333
0 0.469500 0.142667 0.008000 0.030667
0 0.461250 0.142000 0.010500 0.032000
0 0.447750 0.181000 0.012500 0.031333
2 0.450750 0.154333 0.008500 0.023333
1 0.438750 0.095333 0.025500 0.058667
2 0.494750 0.030333 0.009500 0.026000
0 0.507500 0.015000 0.006000 0.030000
2 0.446000 0.047333 0.007000 0.024000
0 0.446500 0.042667 0.010000 0.030667
0 0.432250 0.047333 0.008500 0.028000
1 0.458750 0.015333 0.022500 0.030667
