1 0.552143 0.252857 0.007143 0.008571
1 0.631786 0.502857 0.016429 0.024762
2 0.658929 0.530000 0.007857 0.018095
2 0.608571 0.380952 0.005714 0.013333
1 0.503214 0.769048 0.019286 0.050476
1 0.374643 0.469048 0.027857 0.016190
1 0.343214 0.570952 0.033571 0.021905
2 0.258571 0.550476 0.012857 0.009524
2 0.256429 0.576667 0.014286 0.012381
1 0.381071 0.415238 0.025000 0.013333
1 0.496786 0.338095 0.009286 0.015238
2 0.457500 0.565238 0.009286 0.020000
1 0.891429 0.350476 0.020000 0.011429
1 0.886786 0.343810 0.022143 0.011429
1 0.827857 0.327143 0.014286 0.014286
1 0.851429 0.329524 0.014286 0.011429
1 0.861786 0.329048 0.012143 0.010476
1 0.830714 0.353810 0.015714 0.014286
1 0.780357 0.334762 0.015000 0.010476
1 0.735000 0.335238 0.012857 0.007619
1 0.710714 0.334762 0.012857 0.010476
