1 0.378571 0.974762 0.032857 0.050476
2 0.368214 0.855714 0.006429 0.035238
0 0.348929 0.829524 0.007857 0.019048
0 0.351429 0.813810 0.005714 0.018095
0 0.428214 0.433333 0.003571 0.011429
0 0.441071 0.277619 0.002143 0.006667
2 0.456786 0.409048 0.005000 0.010476
1 0.472857 0.394762 0.011429 0.021905
1 0.455714 0.164286 0.004286 0.006667
1 0.457143 0.194762 0.004286 0.008571
0 0.442500 0.257619 0.002143 0.006667
1 0.395357 0.181905 0.009286 0.005714
1 0.377143 0.170000 0.007143 0.006667
1 0.626786 0.236190 0.016429 0.007619
1 0.640357 0.232381 0.006429 0.009524
1 0.661429 0.220000 0.005714 0.007619
1 0.669643 0.219524 0.007857 0.008571
