1 0.018571 0.881905 0.037143 0.106667
1 0.083571 0.821905 0.058571 0.093333
2 0.161429 0.826667 0.024286 0.036190
2 0.233571 0.871905 0.025714 0.035238
1 0.277143 0.845238 0.061429 0.090476
2 0.302857 0.818571 0.027143 0.037143
1 0.235000 0.749048 0.051429 0.080952
2 0.127857 0.765714 0.025714 0.030476
2 0.124643 0.692381 0.020714 0.034286
2 0.063214 0.703810 0.020714 0.032381
2 0.088571 0.647143 0.021429 0.025714
1 0.204286 0.669048 0.041429 0.063810
1 0.171429 0.593810 0.035714 0.058095
1 0.017500 0.685714 0.035000 0.064762
2 0.019286 0.612857 0.018571 0.025714
2 0.143571 0.549524 0.024286 0.028571
1 0.046071 0.513810 0.057857 0.040952
2 0.080000 0.500000 0.021429 0.024762
0 0.010714 0.497619 0.015714 0.027619
2 0.195357 0.504286 0.027857 0.023810
2 0.208929 0.461905 0.017857 0.030476
0 0.230714 0.472857 0.011429 0.023810
2 0.234286 0.469524 0.021429 0.024762
2 0.252143 0.520000 0.022857 0.028571
1 0.274286 0.622381 0.050000 0.063810
0 0.122857 0.482857 0.012857 0.022857
0 0.356786 0.556190 0.010714 0.024762
0 0.401786 0.585714 0.010714 0.022857
2 0.407500 0.588571 0.012143 0.034286
2 0.428571 0.573810 0.014286 0.029524
2 0.450000 0.588095 0.018571 0.052381
2 0.461786 0.568095 0.015000 0.033333
0 0.413214 0.537619 0.010714 0.025714
0 0.422857 0.533333 0.011429 0.024762
0 0.432143 0.528095 0.007143 0.016190
0 0.340000 0.481429 0.010000 0.023810
2 0.291071 0.479048 0.017857 0.026667
2 0.257143 0.436667 0.024286 0.020000
2 0.274286 0.408095 0.015714 0.023810
1 0.346071 0.469048 0.057857 0.044762
2 0.351786 0.410476 0.023571 0.022857
2 0.353214 0.393810 0.010714 0.029524
2 0.360714 0.386190 0.011429 0.023810
2 0.290000 0.324762 0.012857 0.024762
2 0.305000 0.311905 0.017143 0.020000
2 0.256429 0.316667 0.021429 0.020000
0 0.191071 0.325238 0.015000 0.018095
0 0.108571 0.399048 0.014286 0.020952
0 0.055714 0.324286 0.012857 0.020000
0 0.063214 0.440476 0.015000 0.021905
0 0.008571 0.412857 0.011429 0.023810
1 0.044286 0.437143 0.040000 0.047619
1 0.019643 0.405238 0.037857 0.048571
0 0.399643 0.906190 0.013571 0.023810
1 0.477143 0.762381 0.075714 0.054286
1 0.405000 0.726190 0.067143 0.063810
0 0.447143 0.709048 0.010000 0.020000
1 0.335357 0.681905 0.056429 0.064762
0 0.555714 0.563810 0.008571 0.026667
0 0.645714 0.617143 0.012857 0.022857
2 0.655714 0.605714 0.022857 0.015238
0 0.665714 0.635714 0.007143 0.021905
2 0.695714 0.604286 0.022857 0.031429
2 0.742500 0.596190 0.012143 0.030476
2 0.788214 0.577619 0.020714 0.037143
2 0.803929 0.569048 0.015000 0.035238
2 0.818571 0.585714 0.011429 0.030476
2 0.827857 0.577143 0.012857 0.034286
2 0.843571 0.608571 0.018571 0.038095
0 0.638929 0.800476 0.012143 0.021905
0 0.650000 0.810952 0.012857 0.016190
1 0.731071 0.817619 0.046429 0.105714
0 0.799286 0.767143 0.012857 0.027619
1 0.823571 0.786667 0.051429 0.091429
0 0.823214 0.739524 0.010714 0.021905
1 0.873929 0.786667 0.047857 0.085714
1 0.951429 0.774286 0.058571 0.100952
2 0.706071 0.501429 0.013571 0.029524
