1 0.490000 0.392381 0.004286 0.007619
1 0.488214 0.403333 0.003571 0.004762
1 0.497500 0.399524 0.003571 0.004762
1 0.497500 0.410476 0.005000 0.005714
1 0.482500 0.407143 0.003571 0.006667
1 0.483571 0.427143 0.004286 0.006667
1 0.453214 0.782857 0.016429 0.032381
1 0.474643 0.667619 0.009286 0.022857
1 0.529643 0.651429 0.007857 0.022857
1 0.541429 0.656667 0.008571 0.018095
1 0.534643 0.607143 0.009286 0.016190
1 0.529643 0.589524 0.007857 0.015238
1 0.533929 0.543333 0.006429 0.010476
1 0.494643 0.478571 0.005000 0.006667
1 0.327143 0.467619 0.011429 0.007619
1 0.520000 0.398571 0.008571 0.004762
1 0.518571 0.395714 0.007143 0.004762
1 0.521786 0.405714 0.007857 0.005714
1 0.515714 0.420952 0.002857 0.007619
1 0.527500 0.370476 0.006429 0.003810
