0 0.379750 0.730667 0.024500 0.057333
0 0.345250 0.737667 0.022500 0.056667
0 0.316750 0.707333 0.029500 0.060000
0 0.637750 0.174333 0.013500 0.051333
1 0.223750 0.035000 0.064500 0.034000
1 0.518000 0.069667 0.081000 0.035333
1 0.606500 0.069667 0.071000 0.036667
1 0.700500 0.069667 0.073000 0.039333
1 0.847750 0.068333 0.076500 0.038000
1 0.821750 0.046333 0.071500 0.034000
1 0.943750 0.148667 0.072500 0.052000
1 0.945500 0.068667 0.079000 0.038667
0 0.927000 0.071333 0.022000 0.044000
0 0.923500 0.071000 0.015000 0.039333
