1 0.553571 0.109524 0.002857 0.003810
1 0.556786 0.115238 0.003571 0.003810
1 0.519286 0.166190 0.005714 0.004762
1 0.507500 0.109524 0.003571 0.003810
1 0.510000 0.179048 0.005714 0.007619
1 0.895357 0.646190 0.042143 0.044762
1 0.965357 0.667143 0.050714 0.033333
1 0.835357 0.668095 0.043571 0.031429
1 0.746429 0.536667 0.022857 0.029524
1 0.813214 0.633333 0.045000 0.030476
1 0.917857 0.785238 0.042857 0.058095
1 0.010000 0.579524 0.020000 0.039048
1 0.031429 0.542857 0.032857 0.041905
1 0.139643 0.336190 0.013571 0.022857
1 0.127500 0.349524 0.017857 0.022857
1 0.113929 0.371429 0.016429 0.022857
1 0.419286 0.318571 0.010000 0.020000
1 0.202857 0.287143 0.018571 0.014286
1 0.597143 0.315238 0.011429 0.015238
1 0.608929 0.314762 0.010714 0.014286
