1 0.633500 0.788000 0.071000 0.170667
0 0.519500 0.794000 0.016000 0.029333
2 0.448000 0.867333 0.025000 0.056000
0 0.452000 0.820667 0.017000 0.025333
0 0.409250 0.810000 0.025500 0.029333
0 0.445000 0.799667 0.015000 0.027333
0 0.447000 0.775000 0.014000 0.023333
0 0.466250 0.590000 0.009500 0.037333
0 0.459500 0.530667 0.018000 0.028000
2 0.543750 0.491000 0.014500 0.047333
0 0.468250 0.320333 0.011500 0.038000
2 0.424250 0.257000 0.016500 0.034000
0 0.460000 0.182667 0.011000 0.036000
0 0.469000 0.183000 0.010000 0.036667
1 0.435250 0.069667 0.030500 0.062000
0 0.459000 0.132333 0.011000 0.035333
2 0.447500 0.138667 0.012000 0.026667
1 0.471250 0.024000 0.028500 0.048000
2 0.443500 0.020000 0.009000 0.024000
0 0.424500 0.023000 0.010000 0.028667
0 0.420750 0.015000 0.005500 0.030000
2 0.506250 0.142333 0.011500 0.031333
