1 0.932250 0.502333 0.103500 0.103333
1 0.814250 0.481333 0.089500 0.098667
1 0.702750 0.563333 0.158500 0.092000
1 0.411500 0.564333 0.127000 0.091333
1 0.244750 0.548667 0.142500 0.074667
1 0.077000 0.432667 0.079000 0.082667
1 0.033750 0.424667 0.064500 0.093333
1 0.147000 0.435667 0.089000 0.074000
1 0.567750 0.428667 0.057500 0.076000
0 0.768750 0.253000 0.014500 0.034000
2 0.803000 0.320000 0.015000 0.034667
0 0.813500 0.354000 0.018000 0.045333
2 0.868750 0.416667 0.034500 0.038667
0 0.691000 0.371000 0.017000 0.042000
0 0.630500 0.374333 0.013000 0.042000
2 0.579500 0.329667 0.009000 0.032667
2 0.561000 0.344333 0.013000 0.031333
2 0.499250 0.354000 0.034500 0.032000
2 0.526250 0.320667 0.010500 0.025333
2 0.519000 0.326000 0.011000 0.028000
2 0.510500 0.328333 0.009000 0.031333
2 0.470250 0.324333 0.020500 0.031333
2 0.449500 0.345000 0.016000 0.031333
2 0.440250 0.338000 0.013500 0.032000
2 0.409750 0.320000 0.017500 0.033333
1 0.334000 0.348333 0.053000 0.058000
1 0.279750 0.340667 0.049500 0.064000
0 0.125750 0.322000 0.019500 0.045333
2 0.063750 0.321000 0.023500 0.032667
0 0.046500 0.319667 0.018000 0.039333
1 0.065500 0.176667 0.042000 0.025333
1 0.144250 0.150000 0.034500 0.020000
1 0.174500 0.141333 0.027000 0.021333
1 0.189000 0.138333 0.029000 0.019333
1 0.217000 0.138333 0.026000 0.018000
1 0.221000 0.152333 0.024000 0.023333
1 0.268500 0.142333 0.028000 0.019333
1 0.254750 0.119000 0.027500 0.018000
1 0.261750 0.114667 0.024500 0.017333
1 0.274000 0.112333 0.025000 0.015333
1 0.289250 0.108667 0.027500 0.016000
1 0.296750 0.105333 0.024500 0.016000
1 0.295750 0.101000 0.023500 0.014000
2 0.308750 0.115667 0.006500 0.012667
1 0.333750 0.112333 0.021500 0.014000
0 0.463500 0.059333 0.003000 0.008000
1 0.411000 0.066333 0.009000 0.011333
0 0.383000 0.084333 0.003000 0.008667
0 0.380250 0.085000 0.003500 0.010000
0 0.390000 0.082667 0.004000 0.010667
