2 0.085714 0.004762 0.015714 0.009524
1 0.019286 0.612381 0.038571 0.041905
2 0.016429 0.655238 0.024286 0.036190
0 0.276071 0.824286 0.012143 0.023810
2 0.265357 0.814762 0.016429 0.042857
2 0.493214 0.750000 0.012143 0.052381
1 0.543214 0.556190 0.025000 0.070476
1 0.585357 0.401429 0.023571 0.060000
2 0.379643 0.425714 0.010714 0.022857
2 0.401786 0.418095 0.012143 0.026667
2 0.437143 0.392381 0.011429 0.028571
1 0.461071 0.240952 0.027857 0.047619
1 0.555000 0.220476 0.018571 0.042857
1 0.597143 0.136667 0.017143 0.044762
1 0.448929 0.069524 0.017857 0.034286
2 0.523214 0.123810 0.006429 0.019048
2 0.530357 0.007619 0.007857 0.015238
2 0.711429 0.090476 0.007143 0.020952
2 0.956786 0.317619 0.022143 0.021905
1 0.925357 0.300476 0.026429 0.044762
1 0.941786 0.358095 0.037857 0.051429
1 0.982857 0.483333 0.034286 0.063810
2 0.105357 0.943333 0.037857 0.021905
