0 0.527500 0.545238 0.005000 0.023810
0 0.483214 0.560000 0.007857 0.015238
0 0.533929 0.721905 0.005000 0.022857
0 0.531071 0.773810 0.005000 0.018095
0 0.530357 0.758095 0.006429 0.019048
0 0.521429 0.758571 0.005714 0.016190
0 0.519286 0.746190 0.004286 0.016190
0 0.523929 0.733333 0.005000 0.015238
0 0.524286 0.726190 0.004286 0.018095
0 0.527500 0.694762 0.006429 0.016190
0 0.491071 0.618571 0.005000 0.016190
0 0.485000 0.620952 0.005714 0.015238
2 0.909643 0.750952 0.022143 0.023810
2 0.821429 0.743333 0.021429 0.031429
2 0.772500 0.786667 0.017857 0.022857
2 0.743214 0.786190 0.009286 0.027619
2 0.888571 0.725714 0.025714 0.019048
