1 0.163929 0.365714 0.052143 0.064762
1 0.151071 0.246667 0.047857 0.062857
1 0.107857 0.248095 0.052857 0.069524
1 0.064286 0.249048 0.047143 0.061905
1 0.027143 0.247619 0.051429 0.068571
1 0.013929 0.354762 0.027857 0.058095
1 0.396786 0.859048 0.047857 0.053333
1 0.507500 0.809524 0.022143 0.072381
1 0.450357 0.643810 0.023571 0.068571
1 0.509286 0.289524 0.022857 0.068571
1 0.515357 0.033810 0.023571 0.067619
1 0.427500 0.025238 0.032143 0.050476
2 0.408571 0.139524 0.020000 0.025714
2 0.452143 0.165714 0.008571 0.026667
2 0.433929 0.555714 0.009286 0.031429
2 0.404643 0.584286 0.009286 0.031429
2 0.400714 0.722381 0.018571 0.012381
2 0.402143 0.702857 0.017143 0.024762
2 0.402857 0.674762 0.020000 0.021905
2 0.437143 0.824762 0.008571 0.028571
2 0.373214 0.897143 0.022143 0.020952
2 0.418214 0.900476 0.013571 0.025714
2 0.426429 0.860000 0.010000 0.026667
2 0.401071 0.645238 0.017857 0.018095
2 0.442500 0.348571 0.009286 0.030476
0 0.307143 0.441429 0.011429 0.010476
0 0.287143 0.441429 0.012857 0.014286
0 0.321429 0.391429 0.007143 0.013333
0 0.401071 0.540000 0.009286 0.017143
0 0.372857 0.722381 0.007143 0.010476
0 0.383929 0.689524 0.007857 0.013333
0 0.344286 0.828571 0.008571 0.013333
0 0.377500 0.559524 0.006429 0.010476
0 0.368571 0.553333 0.010000 0.009524
0 0.490357 0.435714 0.007857 0.010476
1 0.285000 0.891429 0.038571 0.030476
2 0.480000 0.009048 0.007143 0.018095
1 0.800000 0.939048 0.054286 0.038095
