1 0.972750 0.631333 0.054500 0.050667
0 0.541250 0.663333 0.011500 0.049333
1 0.921500 0.533333 0.072000 0.036000
1 0.838250 0.538000 0.068500 0.034667
1 0.964750 0.473667 0.059500 0.028667
0 0.822500 0.462333 0.006000 0.022000
0 0.969500 0.388000 0.005000 0.017333
1 0.703750 0.543667 0.075500 0.036667
1 0.611500 0.551000 0.073000 0.038000
1 0.527500 0.555000 0.075000 0.036667
0 0.522500 0.653333 0.011000 0.048000
0 0.532750 0.401667 0.005500 0.015333
2 0.535500 0.404000 0.013000 0.009333
1 0.386250 0.558333 0.075500 0.040667
0 0.327250 0.350000 0.003500 0.009333
0 0.325750 0.345333 0.003500 0.010667
1 0.299000 0.516000 0.070000 0.033333
1 0.194500 0.520000 0.068000 0.034667
1 0.207250 0.504000 0.069500 0.028000
1 0.131500 0.414000 0.029000 0.018667
1 0.159500 0.354000 0.018000 0.010667
1 0.027000 0.383000 0.037000 0.016667
1 0.035000 0.397667 0.032000 0.018000
