1 0.454750 0.960667 0.035500 0.076000
1 0.545750 0.882667 0.032500 0.077333
1 0.545750 0.785333 0.031500 0.082667
1 0.539250 0.631333 0.025500 0.053333
1 0.533500 0.577333 0.023000 0.046667
1 0.523500 0.450000 0.020000 0.037333
1 0.325250 0.328000 0.020500 0.036000
1 0.501000 0.275333 0.017000 0.025333
1 0.495750 0.248667 0.017500 0.024000
1 0.490000 0.217333 0.013000 0.022667
1 0.491000 0.190000 0.013000 0.021333
1 0.489750 0.138000 0.012500 0.018667
0 0.512500 0.037667 0.004000 0.011333
0 0.470000 0.113000 0.007000 0.012667
1 0.487250 0.077000 0.011500 0.014000
1 0.489500 0.103333 0.013000 0.038667
1 0.393500 0.012333 0.009000 0.014000
0 0.344750 0.109000 0.004500 0.015333
2 0.358250 0.093333 0.003500 0.006667
0 0.361750 0.053667 0.004500 0.014000
1 0.351750 0.061000 0.011500 0.018000
1 0.342500 0.096000 0.017000 0.041333
1 0.324250 0.145333 0.011500 0.020000
1 0.321500 0.165667 0.012000 0.019333
1 0.316000 0.183667 0.013000 0.020667
1 0.309750 0.205333 0.014500 0.021333
1 0.302250 0.228667 0.017500 0.025333
1 0.244500 0.417000 0.023000 0.038000
1 0.233500 0.463333 0.025000 0.044000
1 0.209500 0.537333 0.032000 0.053333
1 0.292750 0.616667 0.028500 0.050667
1 0.168500 0.660667 0.036000 0.068000
1 0.141500 0.726000 0.041000 0.074667
1 0.109750 0.809667 0.045500 0.079333
1 0.075250 0.908667 0.050500 0.094667
0 0.064000 0.126333 0.006000 0.014000
2 0.478000 0.086333 0.003000 0.010000
1 0.789000 0.104000 0.014000 0.018667
1 0.780000 0.092333 0.011000 0.015333
1 0.799250 0.101333 0.012500 0.016000
1 0.804000 0.093667 0.014000 0.015333
1 0.809500 0.013333 0.023000 0.012000
