0 0.363750 0.038000 0.024500 0.053333
0 0.346750 0.071333 0.019500 0.053333
0 0.307500 0.069000 0.027000 0.056667
0 0.330500 0.037333 0.025000 0.056000
2 0.344750 0.040667 0.028500 0.054667
2 0.287750 0.181667 0.030500 0.056667
0 0.262000 0.247667 0.030000 0.036667
1 0.403250 0.156000 0.064500 0.160000
0 0.300000 0.013000 0.027000 0.026000
0 0.611750 0.485667 0.025500 0.024667
0 0.437250 0.728000 0.019500 0.041333
0 0.394500 0.753000 0.024000 0.034000
0 0.361000 0.786333 0.031000 0.030000
0 0.301250 0.882000 0.028500 0.034667
0 0.327500 0.660667 0.027000 0.034667
0 0.263500 0.754667 0.036000 0.036000
2 0.287250 0.815333 0.028500 0.062667
2 0.308750 0.717667 0.026500 0.056667
0 0.191000 0.684667 0.039000 0.025333
1 0.749250 0.567667 0.147500 0.108667
1 0.603250 0.529667 0.121500 0.090000
1 0.556500 0.635000 0.138000 0.103333
1 0.563250 0.766000 0.137500 0.097333
1 0.743000 0.819333 0.115000 0.168000
1 0.236750 0.705333 0.122500 0.136000
1 0.145250 0.678000 0.106500 0.145333
2 0.954500 0.881333 0.050000 0.062667
2 0.887750 0.915000 0.055500 0.062000
2 0.681500 0.626667 0.053000 0.041333
0 0.872750 0.934000 0.043500 0.054667
1 0.080250 0.477667 0.146500 0.090000
1 0.047750 0.607667 0.095500 0.076667
0 0.116000 0.394333 0.039000 0.031333
0 0.099750 0.361333 0.046500 0.030667
0 0.157250 0.271667 0.036500 0.035333
