1 0.464000 0.397000 0.037000 0.023333
1 0.516750 0.391000 0.037500 0.023333
1 0.590250 0.417000 0.037500 0.027333
1 0.371500 0.476667 0.038000 0.029333
1 0.657000 0.431000 0.040000 0.024667
1 0.862500 0.431000 0.044000 0.030000
1 0.814250 0.512333 0.040500 0.043333
1 0.595500 0.559333 0.044000 0.037333
1 0.968000 0.370333 0.039000 0.024667
0 0.669250 0.552000 0.009500 0.021333
2 0.647500 0.384333 0.015000 0.014000
1 0.522750 0.565333 0.035500 0.026667
1 0.457500 0.598667 0.020000 0.053333
1 0.468250 0.662667 0.026500 0.068000
1 0.399750 0.737000 0.023500 0.072667
1 0.362500 0.639000 0.051000 0.046000
1 0.356000 0.901333 0.061000 0.054667
1 0.358250 0.966667 0.062500 0.050667
1 0.490500 0.936333 0.053000 0.092667
0 0.397500 0.887333 0.010000 0.020000
0 0.542250 0.711333 0.005500 0.013333
0 0.545000 0.708333 0.006000 0.015333
0 0.547750 0.727000 0.006500 0.024667
0 0.527750 0.731667 0.006500 0.020667
0 0.530750 0.742000 0.004500 0.017333
0 0.535750 0.730667 0.006500 0.021333
0 0.484500 0.634333 0.006000 0.019333
0 0.488000 0.647667 0.006000 0.022000
2 0.500750 0.590667 0.018500 0.018667
0 0.521500 0.590000 0.007000 0.022667
1 0.189500 0.521333 0.046000 0.028000
1 0.231250 0.444000 0.042500 0.024000
1 0.261250 0.581667 0.048500 0.027333
1 0.268250 0.619333 0.051500 0.029333
1 0.185000 0.635667 0.053000 0.031333
0 0.197500 0.656667 0.012000 0.020000
1 0.112250 0.648000 0.053500 0.033333
1 0.291000 0.850333 0.029000 0.090000
0 0.018250 0.724000 0.016500 0.020000
0 0.037000 0.706000 0.017000 0.018667
0 0.035750 0.720333 0.016500 0.018000
1 0.049500 0.663000 0.036000 0.052667
1 0.013250 0.673333 0.026500 0.056000
0 0.261000 0.347667 0.009000 0.019333
0 0.267250 0.343000 0.009500 0.019333
1 0.268250 0.209333 0.031500 0.018667
1 0.305250 0.205333 0.028500 0.018667
1 0.439500 0.183333 0.029000 0.018667
1 0.648000 0.153667 0.031000 0.019333
1 0.972750 0.186333 0.016500 0.028667
1 0.897250 0.129333 0.013500 0.026667
1 0.925250 0.146667 0.014500 0.022667
1 0.938750 0.155667 0.014500 0.026000
1 0.025250 0.220000 0.027500 0.016000
1 0.013750 0.232333 0.024500 0.019333
