0 0.129750 0.558333 0.014500 0.034000
0 0.149750 0.560333 0.017500 0.032667
0 0.153750 0.550000 0.012500 0.032000
0 0.181250 0.558667 0.011500 0.033333
0 0.250750 0.616333 0.014500 0.043333
0 0.237000 0.551667 0.011000 0.031333
0 0.279500 0.584333 0.016000 0.035333
0 0.333250 0.587667 0.009500 0.036667
0 0.329250 0.631333 0.015500 0.036000
0 0.376250 0.548667 0.012500 0.033333
0 0.404250 0.514333 0.008500 0.027333
0 0.460500 0.538333 0.015000 0.038000
1 0.561500 0.820000 0.056000 0.145333
1 0.544750 0.684000 0.066500 0.112000
1 0.527500 0.583667 0.041000 0.078000
1 0.516500 0.506667 0.033000 0.062667
1 0.510250 0.453333 0.026500 0.046667
1 0.507500 0.394667 0.025000 0.030667
1 0.499000 0.332333 0.018000 0.027333
2 0.488000 0.287667 0.005000 0.011333
1 0.491750 0.273667 0.015500 0.022000
2 0.474750 0.233333 0.010500 0.009333
2 0.484250 0.227667 0.010500 0.008667
1 0.485000 0.221000 0.011000 0.012667
0 0.482500 0.207000 0.003000 0.011333
1 0.480000 0.188333 0.007000 0.011333
1 0.475750 0.183000 0.018500 0.011333
1 0.470000 0.179667 0.007000 0.008667
1 0.480000 0.178333 0.006000 0.006000
1 0.469500 0.170667 0.007000 0.008000
1 0.478500 0.167333 0.007000 0.008000
1 0.305500 0.153000 0.010000 0.007333
1 0.412250 0.145333 0.008500 0.008000
1 0.408750 0.138000 0.006500 0.006667
1 0.414750 0.137667 0.004500 0.006000
1 0.459500 0.143333 0.008000 0.006667
1 0.441250 0.151000 0.014500 0.007333
0 0.427250 0.162667 0.002500 0.008000
1 0.477500 0.163000 0.007000 0.007333
1 0.477500 0.159333 0.006000 0.006667
1 0.477000 0.155333 0.006000 0.008000
1 0.136250 0.225667 0.012500 0.015333
1 0.135500 0.211333 0.014000 0.012000
1 0.189250 0.192000 0.020500 0.009333
1 0.177000 0.192667 0.019000 0.010667
1 0.109250 0.212000 0.012500 0.016000
0 0.322500 0.286000 0.007000 0.016000
1 0.167500 0.215667 0.024000 0.011333
1 0.662000 0.611667 0.054000 0.076667
1 0.635750 0.531000 0.042500 0.055333
1 0.718750 0.616333 0.048500 0.076667
1 0.809250 0.943333 0.091500 0.110667
1 0.592500 0.420333 0.030000 0.043333
1 0.583000 0.387000 0.026000 0.034000
1 0.573750 0.360000 0.021500 0.033333
1 0.564250 0.338667 0.022500 0.030667
1 0.550250 0.300667 0.019500 0.020000
1 0.529500 0.244333 0.012000 0.018000
1 0.527250 0.233333 0.012500 0.014667
1 0.512750 0.175667 0.017500 0.010000
1 0.517250 0.207667 0.010500 0.012667
1 0.514250 0.200667 0.010500 0.012000
1 0.513500 0.194000 0.009000 0.009333
1 0.510750 0.189000 0.008500 0.010000
0 0.502750 0.175667 0.003500 0.010000
0 0.576500 0.173333 0.003000 0.010667
0 0.567250 0.170000 0.002500 0.009333
0 0.582750 0.173667 0.002500 0.010000
0 0.578750 0.182000 0.002500 0.010667
2 0.486500 0.166000 0.003000 0.008000
1 0.501250 0.161000 0.006500 0.008667
1 0.864500 0.284000 0.032000 0.020000
2 0.925750 0.312000 0.014500 0.017333
1 0.818000 0.193000 0.028000 0.018000
