1 0.074113 0.070965 0.062630 0.073284
1 0.321503 0.624304 0.045929 0.142857
1 0.304541 0.800093 0.049582 0.175325
1 0.466597 0.641466 0.065762 0.134508
1 0.466858 0.933673 0.045407 0.130798
1 0.710334 0.194341 0.034447 0.089981
1 0.753132 0.206401 0.030271 0.102968
1 0.837683 0.249072 0.038622 0.084416
2 0.613518 0.283859 0.008873 0.038961
2 0.628914 0.291280 0.010438 0.040816
2 0.646399 0.281076 0.012004 0.048237
2 0.661534 0.282004 0.008873 0.042672
2 0.723643 0.335807 0.009916 0.055659
2 0.782098 0.288497 0.009916 0.051948
2 0.842641 0.344156 0.009916 0.035250
2 0.903967 0.345083 0.015658 0.037106
1 0.838466 0.019481 0.056889 0.038961
