1 0.313214 0.972857 0.082143 0.054286
1 0.382143 0.840476 0.035714 0.126667
0 0.416429 0.805714 0.010000 0.019048
2 0.278929 0.791905 0.020714 0.039048
2 0.368214 0.746190 0.036429 0.031429
2 0.368571 0.715714 0.032857 0.033333
2 0.370357 0.687619 0.033571 0.028571
1 0.370714 0.607143 0.032857 0.094286
1 0.251071 0.520952 0.029286 0.070476
1 0.290357 0.522857 0.033571 0.085714
1 0.332143 0.511905 0.035714 0.090476
1 0.554643 0.510476 0.033571 0.087619
2 0.462857 0.352381 0.011429 0.040000
0 0.641429 0.525714 0.011429 0.019048
1 0.731429 0.886190 0.050000 0.117143
1 0.691429 0.754286 0.040000 0.097143
2 0.710000 0.577143 0.027143 0.022857
2 0.698929 0.510952 0.026429 0.025714
2 0.718571 0.476190 0.022857 0.024762
1 0.660714 0.506667 0.044286 0.083810
0 0.612500 0.392857 0.013571 0.023810
0 0.737143 0.421429 0.011429 0.023810
2 0.746071 0.395238 0.013571 0.034286
2 0.714643 0.406667 0.013571 0.034286
1 0.628929 0.340952 0.040714 0.072381
0 0.639643 0.314762 0.012143 0.021905
0 0.606429 0.324286 0.010000 0.025714
1 0.539286 0.320476 0.027143 0.071429
0 0.683929 0.277143 0.013571 0.026667
2 0.649643 0.289048 0.027857 0.021905
2 0.645000 0.267619 0.022857 0.022857
2 0.642857 0.253810 0.025714 0.025714
2 0.639286 0.236667 0.021429 0.023810
2 0.634643 0.222857 0.022143 0.026667
2 0.627143 0.181905 0.024286 0.020952
2 0.623571 0.160000 0.024286 0.019048
2 0.607500 0.148095 0.022143 0.021905
0 0.555714 0.070476 0.010000 0.026667
1 0.475000 0.120952 0.025714 0.060952
1 0.361429 0.336667 0.042857 0.075238
1 0.113929 0.367143 0.043571 0.063810
1 0.157143 0.353333 0.044286 0.066667
1 0.196429 0.349524 0.041429 0.062857
1 0.233929 0.346667 0.045000 0.059048
1 0.274286 0.336190 0.048571 0.070476
1 0.312500 0.322381 0.037857 0.075238
1 0.356786 0.246190 0.029286 0.073333
1 0.352857 0.176190 0.027143 0.064762
1 0.355714 0.115714 0.025714 0.060000
0 0.360357 0.082381 0.010714 0.023810
0 0.379643 0.070476 0.009286 0.026667
1 0.045357 0.356190 0.039286 0.064762
1 0.015714 0.354286 0.031429 0.055238
0 0.067500 0.294762 0.017857 0.021905
