0 0.685500 0.858333 0.048000 0.052667
0 0.647250 0.855333 0.043500 0.062667
0 0.514000 0.881667 0.030000 0.060667
2 0.362250 0.640333 0.021500 0.099333
0 0.468750 0.707333 0.029500 0.045333
0 0.606000 0.507667 0.029000 0.051333
0 0.577500 0.462000 0.029000 0.050667
0 0.574250 0.410000 0.018500 0.058667
0 0.555000 0.403667 0.021000 0.058000
0 0.532500 0.377000 0.025000 0.060667
0 0.589500 0.260000 0.028000 0.069333
0 0.421500 0.242000 0.025000 0.068000
0 0.613500 0.223333 0.020000 0.062667
0 0.551250 0.094000 0.018500 0.080000
