1 0.051429 0.959048 0.080000 0.081905
1 0.088929 0.899524 0.079286 0.096190
1 0.222143 0.612857 0.068571 0.073333
1 0.318929 0.862857 0.067857 0.114286
1 0.361071 0.905238 0.069286 0.120952
1 0.403214 0.944286 0.069286 0.111429
1 0.446429 0.966667 0.061429 0.066667
1 0.612857 0.900000 0.085714 0.093333
0 0.509286 0.870000 0.012857 0.018095
0 0.896786 0.681905 0.023571 0.019048
0 0.757143 0.571429 0.014286 0.015238
0 0.750714 0.563810 0.015714 0.017143
0 0.745714 0.550952 0.012857 0.016190
0 0.762143 0.550476 0.014286 0.017143
0 0.769286 0.561905 0.015714 0.015238
0 0.713571 0.484762 0.012857 0.020952
0 0.723214 0.487619 0.013571 0.022857
2 0.759286 0.482857 0.027143 0.034286
2 0.797500 0.494286 0.022143 0.032381
2 0.641786 0.563333 0.037857 0.031429
2 0.480357 0.454762 0.029286 0.029524
2 0.473929 0.406667 0.029286 0.026667
1 0.483571 0.267143 0.055714 0.058095
0 0.511071 0.220952 0.013571 0.024762
2 0.625000 0.188095 0.014286 0.033333
2 0.641071 0.241905 0.009286 0.030476
2 0.685357 0.295238 0.020714 0.030476
2 0.686071 0.268095 0.022143 0.027619
2 0.708571 0.308571 0.014286 0.032381
2 0.736429 0.305714 0.020000 0.032381
2 0.732500 0.329048 0.020714 0.031429
2 0.754286 0.327143 0.017143 0.035238
2 0.771786 0.335238 0.016429 0.032381
2 0.804643 0.349524 0.016429 0.032381
2 0.810714 0.313810 0.022857 0.037143
2 0.874643 0.422381 0.032143 0.023810
2 0.879286 0.400952 0.021429 0.030476
2 0.867143 0.392857 0.017143 0.035238
2 0.944286 0.478571 0.028571 0.027619
2 0.949643 0.457143 0.029286 0.026667
2 0.930000 0.441429 0.028571 0.023810
0 0.988214 0.497619 0.023571 0.021905
0 0.938214 0.402857 0.020714 0.020952
0 0.940714 0.360000 0.017143 0.020952
0 0.847143 0.316190 0.020000 0.022857
0 0.740714 0.245714 0.011429 0.022857
1 0.291786 0.465238 0.065000 0.071429
0 0.171429 0.411429 0.017143 0.022857
2 0.125000 0.478571 0.027143 0.037143
2 0.218214 0.351429 0.030714 0.032381
2 0.096786 0.369524 0.017857 0.047619
2 0.275357 0.188571 0.020714 0.036190
1 0.181786 0.032381 0.050714 0.060952
1 0.158214 0.019524 0.055000 0.039048
