2 0.386071 0.028095 0.013571 0.031429
2 0.436429 0.149524 0.025714 0.019048
2 0.450714 0.171905 0.017143 0.029524
0 0.515357 0.439048 0.006429 0.015238
0 0.520714 0.450952 0.007143 0.020000
0 0.552143 0.491429 0.011429 0.015238
0 0.521429 0.982857 0.010000 0.019048
0 0.636786 0.993333 0.012143 0.013333
0 0.607857 0.460000 0.010000 0.015238
0 0.623571 0.451905 0.010000 0.014286
0 0.684643 0.589048 0.009286 0.014286
0 0.698929 0.613810 0.015000 0.016190
0 0.708214 0.858095 0.012143 0.019048
0 0.958571 0.145238 0.017143 0.023810
2 0.976786 0.174286 0.026429 0.028571
2 0.691429 0.344762 0.018571 0.038095
2 0.545357 0.523810 0.020714 0.020952
2 0.345357 0.554762 0.017857 0.035238
2 0.331429 0.580476 0.025714 0.027619
0 0.223571 0.646190 0.011429 0.016190
2 0.075357 0.717619 0.015000 0.042857
2 0.061786 0.723333 0.015000 0.040952
2 0.093571 0.699048 0.014286 0.034286
2 0.293929 0.911429 0.032143 0.022857
2 0.332857 0.921905 0.032857 0.032381
2 0.450357 0.850476 0.027857 0.019048
2 0.495000 0.788571 0.030000 0.022857
2 0.510357 0.740476 0.026429 0.021905
2 0.608929 0.689524 0.027857 0.020952
2 0.702857 0.691429 0.027143 0.024762
2 0.768929 0.620476 0.022143 0.021905
2 0.836429 0.626190 0.024286 0.023810
2 0.971071 0.650952 0.029286 0.033333
2 0.958214 0.662381 0.025000 0.037143
2 0.945714 0.665714 0.020000 0.038095
2 0.937143 0.670952 0.022857 0.037143
1 0.878929 0.772857 0.070714 0.063810
1 0.858214 0.661905 0.059286 0.068571
1 0.546071 0.390476 0.053571 0.083810
1 0.933214 0.611905 0.070714 0.067619
1 0.985714 0.573810 0.028571 0.058095
1 0.708929 0.391905 0.067857 0.063810
1 0.779286 0.348095 0.065714 0.065714
1 0.849286 0.303810 0.067143 0.062857
1 0.370714 0.973810 0.084286 0.052381
2 0.951429 0.844286 0.018571 0.039048
2 0.961429 0.839524 0.021429 0.040952
2 0.968571 0.832857 0.022857 0.039048
2 0.975714 0.828095 0.021429 0.042857
0 0.455357 0.977619 0.015000 0.016190
