0 0.834000 0.773000 0.009000 0.020667
0 0.843750 0.782000 0.007500 0.020000
1 0.842000 0.557333 0.031000 0.032000
1 0.907250 0.578333 0.033500 0.040667
0 0.677750 0.484333 0.004500 0.018000
0 0.654500 0.468000 0.005000 0.017333
0 0.657250 0.476000 0.005500 0.018667
1 0.135000 0.476667 0.025000 0.025333
1 0.157500 0.486000 0.026000 0.029333
1 0.147000 0.522000 0.027000 0.030667
1 0.211000 0.523000 0.043000 0.024667
1 0.145500 0.234667 0.021000 0.012000
1 0.153750 0.230000 0.019500 0.012000
1 0.533250 0.335667 0.012500 0.019333
1 0.526000 0.320000 0.011000 0.018667
1 0.531500 0.302000 0.013000 0.021333
0 0.506000 0.253333 0.004000 0.012000
1 0.508250 0.244000 0.019500 0.010667
1 0.548000 0.281333 0.020000 0.016000
0 0.560500 0.263333 0.004000 0.012000
0 0.582000 0.307667 0.004000 0.012667
0 0.576750 0.313667 0.004500 0.012667
1 0.563750 0.307000 0.020500 0.011333
2 0.510500 0.359000 0.003000 0.015333
0 0.320000 0.521000 0.006000 0.019333
2 0.341250 0.544667 0.014500 0.012000
0 0.403250 0.571333 0.004500 0.018667
2 0.407750 0.532667 0.012500 0.014667
2 0.433500 0.518333 0.010000 0.014000
2 0.507500 0.479333 0.004000 0.016000
0 0.459250 0.470667 0.004500 0.016000
2 0.461750 0.472667 0.003500 0.014667
0 0.467500 0.247000 0.003000 0.011333
0 0.461250 0.252000 0.003500 0.009333
2 0.456750 0.304333 0.007500 0.008667
2 0.464750 0.299667 0.008500 0.007333
1 0.591000 0.271000 0.024000 0.015333
1 0.643750 0.272333 0.019500 0.012667
1 0.827500 0.239000 0.020000 0.012667
1 0.737500 0.273667 0.023000 0.011333
1 0.744000 0.258333 0.022000 0.010000
1 0.745500 0.264000 0.018000 0.009333
1 0.720250 0.269333 0.020500 0.010667
1 0.703000 0.257667 0.019000 0.012667
1 0.711000 0.263000 0.020000 0.012667
1 0.697000 0.275333 0.022000 0.013333
1 0.690000 0.268333 0.022000 0.012667
1 0.682000 0.263000 0.023000 0.011333
1 0.675750 0.257333 0.020500 0.012000
1 0.660500 0.267000 0.020000 0.012667
1 0.645500 0.260667 0.022000 0.013333
1 0.620000 0.260667 0.022000 0.013333
