1 0.823069 0.610853 0.031315 0.051020
1 0.668580 0.642393 0.039666 0.062152
1 0.572025 0.520408 0.033403 0.050093
1 0.527923 0.466605 0.036013 0.044527
1 0.450418 0.381262 0.034447 0.042672
1 0.373173 0.280148 0.031315 0.037106
1 0.674843 0.865955 0.042797 0.073284
1 0.596555 0.738404 0.041754 0.064935
1 0.577766 0.707792 0.042797 0.061224
1 0.549322 0.674861 0.042276 0.056586
1 0.510438 0.619202 0.041754 0.058442
1 0.476775 0.569573 0.040188 0.061224
1 0.346555 0.378479 0.037578 0.037106
1 0.296451 0.308442 0.029228 0.032468
1 0.306889 0.131262 0.028184 0.025046
1 0.332985 0.116883 0.026096 0.024119
1 0.011482 0.915584 0.022965 0.087199
