1 0.730950 0.753711 0.034969 0.065863
1 0.787317 0.794991 0.054802 0.092764
1 0.810804 0.895176 0.045407 0.096475
1 0.564979 0.159555 0.006785 0.016698
1 0.548017 0.106679 0.007307 0.012987
1 0.556628 0.074675 0.007829 0.012059
1 0.543580 0.011596 0.004697 0.010204
0 0.564718 0.017161 0.002088 0.010204
2 0.460073 0.168367 0.003653 0.008349
2 0.455115 0.189239 0.003132 0.011132
2 0.591336 0.211967 0.003132 0.010204
2 0.619520 0.266234 0.003132 0.012987
2 0.619259 0.235158 0.003653 0.012059
2 0.636482 0.330705 0.005741 0.012059
2 0.529749 0.378015 0.012526 0.017625
2 0.586639 0.428108 0.012526 0.012059
2 0.607255 0.436920 0.007829 0.012987
2 0.692589 0.672078 0.006263 0.025046
2 0.427975 0.342301 0.004175 0.012987
2 0.411534 0.433673 0.004697 0.013915
2 0.420146 0.434137 0.005219 0.012987
2 0.342641 0.687384 0.006785 0.024119
2 0.367954 0.681354 0.008351 0.017625
2 0.318372 0.791744 0.007307 0.026902
2 0.331159 0.793599 0.006785 0.028757
2 0.349426 0.791744 0.007829 0.026902
2 0.286795 0.934601 0.009916 0.032468
2 0.852818 0.922542 0.024008 0.025046
2 0.863257 0.952226 0.028184 0.021336
0 0.856733 0.814007 0.010960 0.034323
2 0.779749 0.583024 0.009395 0.030612
1 0.809760 0.333488 0.028706 0.025046
1 0.822286 0.364564 0.029749 0.020408
2 0.786534 0.583952 0.007307 0.023191
