1 0.751750 0.652333 0.038500 0.027333
1 0.596000 0.645333 0.035000 0.025333
1 0.527250 0.660000 0.038500 0.024000
0 0.472000 0.691333 0.005000 0.018667
0 0.492750 0.694667 0.003500 0.018667
0 0.489250 0.708000 0.006500 0.020000
0 0.486000 0.696667 0.006000 0.017333
0 0.427750 0.658000 0.006500 0.016000
1 0.381500 0.653667 0.038000 0.026000
1 0.331000 0.656333 0.037000 0.024667
1 0.222500 0.652333 0.039000 0.022000
0 0.174000 0.645667 0.007000 0.018000
0 0.172500 0.653000 0.008000 0.016667
2 0.641500 0.564667 0.007000 0.014667
2 0.649500 0.566667 0.007000 0.014667
2 0.659500 0.573333 0.005000 0.013333
2 0.666750 0.576000 0.006500 0.017333
2 0.674500 0.580333 0.007000 0.014000
2 0.698250 0.589000 0.010500 0.011333
2 0.215500 0.598667 0.004000 0.013333
2 0.219750 0.595667 0.005500 0.014000
2 0.224000 0.595000 0.005000 0.015333
2 0.227500 0.592667 0.006000 0.014667
2 0.272250 0.579000 0.005500 0.011333
2 0.276750 0.575000 0.006500 0.016667
2 0.312000 0.561667 0.005000 0.012667
2 0.316250 0.560667 0.004500 0.012000
2 0.321250 0.560333 0.004500 0.011333
0 0.009500 0.709333 0.011000 0.017333
2 0.016750 0.675000 0.007500 0.015333
