1 0.430063 0.197588 0.034447 0.094620
1 0.462944 0.050093 0.032359 0.074212
0 0.615344 0.029221 0.008351 0.034323
2 0.696242 0.023655 0.014614 0.021336
2 0.668058 0.051948 0.022965 0.024119
2 0.687891 0.070501 0.019833 0.029685
2 0.687109 0.106679 0.017223 0.027829
2 0.699113 0.128015 0.022443 0.025974
2 0.689457 0.184601 0.025052 0.024119
2 0.688935 0.205009 0.020877 0.020408
2 0.615866 0.238404 0.022965 0.027829
2 0.681889 0.261132 0.024530 0.032468
2 0.654749 0.305195 0.020355 0.022263
2 0.646921 0.458720 0.025574 0.021336
2 0.517223 0.466605 0.011482 0.038961
2 0.601775 0.866419 0.028184 0.029685
0 0.748695 0.490260 0.009916 0.030612
0 0.793580 0.572356 0.009916 0.018553
0 0.799843 0.602041 0.010960 0.024119
0 0.792276 0.635436 0.012526 0.025974
0 0.796712 0.307050 0.009916 0.025974
1 0.358820 0.563544 0.050626 0.123377
