1 0.027250 0.635333 0.054500 0.056000
1 0.146500 0.646667 0.116000 0.068000
1 0.092500 0.825000 0.122000 0.076667
0 0.291750 0.662667 0.021500 0.020000
1 0.431500 0.882667 0.081000 0.145333
0 0.483250 0.892000 0.013500 0.022667
0 0.620500 0.897333 0.017000 0.022667
1 0.641250 0.880667 0.058500 0.149333
0 0.608000 0.738333 0.015000 0.030000
1 0.617750 0.684000 0.052500 0.125333
2 0.552750 0.698333 0.012500 0.047333
0 0.353250 0.537333 0.011500 0.024000
0 0.374250 0.466333 0.009500 0.026000
0 0.462000 0.409667 0.009000 0.027333
0 0.601000 0.396000 0.010000 0.030667
2 0.637500 0.446333 0.028000 0.026000
0 0.846750 0.473667 0.021500 0.026000
2 0.741250 0.492333 0.029500 0.020667
0 0.742250 0.283333 0.010500 0.022667
0 0.795250 0.254000 0.013500 0.032000
2 0.826500 0.247000 0.024000 0.027333
1 0.924750 0.348333 0.077500 0.050000
0 0.951500 0.313333 0.018000 0.024000
0 0.958000 0.319333 0.016000 0.025333
0 0.587250 0.292333 0.009500 0.030000
0 0.470250 0.252000 0.007500 0.028000
2 0.441250 0.234000 0.013500 0.029333
0 0.407000 0.218000 0.007000 0.025333
0 0.440750 0.204000 0.006500 0.025333
0 0.439500 0.197667 0.014000 0.027333
0 0.436750 0.193000 0.008500 0.030000
0 0.460750 0.136000 0.007500 0.029333
0 0.447250 0.131667 0.008500 0.030000
0 0.447250 0.109000 0.008500 0.027333
2 0.506500 0.167667 0.009000 0.028667
