1 0.522143 0.859048 0.055714 0.102857
2 0.834286 0.835714 0.024286 0.037143
2 0.562857 0.702857 0.022857 0.026667
2 0.613929 0.629048 0.022143 0.027619
0 0.590000 0.612381 0.008571 0.024762
0 0.846071 0.662381 0.017857 0.027619
0 0.312143 0.436190 0.007143 0.020952
1 0.159286 0.083333 0.007143 0.008571
1 0.173571 0.112381 0.007143 0.009524
1 0.172857 0.124762 0.007143 0.007619
1 0.202857 0.151429 0.010000 0.011429
0 0.188571 0.172381 0.004286 0.007619
0 0.212857 0.227619 0.004286 0.011429
0 0.222500 0.232857 0.005000 0.010476
1 0.151429 0.279524 0.012857 0.018095
1 0.156786 0.314286 0.012143 0.019048
1 0.068929 0.391429 0.043571 0.024762
1 0.069643 0.405714 0.046429 0.024762
1 0.161071 0.330000 0.015000 0.020000
2 0.318214 0.927143 0.029286 0.029524
2 0.216071 0.949524 0.033571 0.030476
1 0.317143 0.130000 0.008571 0.010476
0 0.836786 0.716190 0.012143 0.024762
