1 0.748500 0.092000 0.006000 0.008000
1 0.745250 0.098667 0.006500 0.009333
1 0.738750 0.096333 0.005500 0.007333
1 0.739500 0.103000 0.007000 0.007333
1 0.733000 0.122000 0.007000 0.009333
2 0.332000 0.450667 0.011000 0.026667
1 0.387500 0.322333 0.040000 0.028667
1 0.439250 0.332667 0.036500 0.026667
1 0.458250 0.312333 0.042500 0.028667
1 0.423000 0.417333 0.042000 0.052000
2 0.472250 0.267667 0.007500 0.015333
2 0.498500 0.296333 0.007000 0.020667
2 0.490500 0.292000 0.007000 0.012000
2 0.509250 0.247667 0.012500 0.012667
1 0.527750 0.215667 0.024500 0.015333
1 0.548500 0.202667 0.022000 0.017333
0 0.563500 0.220667 0.003000 0.014667
0 0.572500 0.226333 0.004000 0.016667
0 0.576250 0.233667 0.003500 0.016667
0 0.552250 0.292000 0.004500 0.020000
0 0.730250 0.108667 0.002500 0.008000
0 0.732500 0.109000 0.002000 0.008667
0 0.711750 0.153667 0.002500 0.010000
0 0.709500 0.154000 0.002000 0.008000
1 0.710750 0.144333 0.007500 0.011333
2 0.726250 0.154000 0.003500 0.008000
0 0.698750 0.174000 0.004500 0.014667
0 0.694500 0.174000 0.004000 0.013333
2 0.704500 0.174000 0.004000 0.008000
0 0.683250 0.194667 0.003500 0.012000
1 0.698000 0.207000 0.015000 0.015333
2 0.678500 0.229333 0.006000 0.012000
0 0.669250 0.229667 0.003500 0.014000
2 0.659750 0.241333 0.007500 0.012000
0 0.665250 0.229333 0.004500 0.014667
0 0.666500 0.225000 0.004000 0.016667
0 0.662750 0.224667 0.005500 0.016000
0 0.662000 0.222667 0.004000 0.014667
0 0.690750 0.248333 0.005500 0.015333
0 0.691250 0.243333 0.005500 0.013333
0 0.649250 0.255333 0.004500 0.020000
0 0.650500 0.264667 0.004000 0.013333
0 0.639750 0.276333 0.006500 0.019333
0 0.645500 0.279667 0.006000 0.020667
0 0.609750 0.309333 0.006500 0.022667
0 0.604000 0.325000 0.005000 0.019333
0 0.615750 0.332333 0.004500 0.015333
0 0.611000 0.328667 0.004000 0.013333
0 0.593500 0.338667 0.008000 0.024000
0 0.572000 0.346333 0.006000 0.026000
2 0.603500 0.344000 0.013000 0.016000
0 0.701500 0.400667 0.010000 0.024000
0 0.625750 0.401000 0.008500 0.030000
0 0.594750 0.396333 0.007500 0.026000
0 0.540000 0.395000 0.012000 0.024667
0 0.698250 0.439667 0.009500 0.028667
0 0.533750 0.492667 0.008500 0.036000
0 0.490750 0.500333 0.009500 0.026000
0 0.596000 0.516000 0.009000 0.030667
2 0.549750 0.503667 0.013500 0.039333
0 0.528250 0.528667 0.011500 0.034667
0 0.513750 0.517333 0.011500 0.030667
0 0.520750 0.499000 0.004500 0.023333
0 0.512000 0.496667 0.010000 0.026667
0 0.522500 0.562333 0.006000 0.023333
0 0.514000 0.564667 0.012000 0.024000
0 0.503250 0.569000 0.014500 0.032667
0 0.527750 0.592667 0.017500 0.034667
0 0.464500 0.541000 0.013000 0.032667
0 0.485000 0.544333 0.008000 0.032667
0 0.492500 0.540000 0.005000 0.016000
0 0.498250 0.525667 0.007500 0.031333
2 0.558500 0.541333 0.011000 0.030667
0 0.590750 0.507667 0.008500 0.034000
2 0.343000 0.683000 0.033000 0.024667
0 0.514250 0.634000 0.011500 0.037333
0 0.435000 0.654333 0.015000 0.040667
0 0.446250 0.637000 0.011500 0.034000
0 0.454250 0.643667 0.007500 0.022000
0 0.450250 0.662333 0.012500 0.030000
0 0.454000 0.694000 0.015000 0.045333
2 0.449500 0.789333 0.021000 0.056000
2 0.362000 0.837000 0.035000 0.051333
0 0.359250 0.822667 0.021500 0.046667
0 0.460500 0.839333 0.019000 0.052000
0 0.316750 0.817667 0.019500 0.039333
0 0.512000 0.885000 0.013000 0.047333
0 0.336500 0.894667 0.014000 0.046667
0 0.327500 0.879667 0.015000 0.051333
0 0.295250 0.918000 0.022500 0.049333
2 0.278500 0.970333 0.046000 0.059333
