1 0.495357 0.600000 0.012143 0.009524
1 0.494643 0.593333 0.012143 0.007619
1 0.493571 0.588095 0.011429 0.008571
1 0.492143 0.580000 0.012857 0.009524
1 0.491786 0.574762 0.012143 0.008571
1 0.487857 0.570000 0.011429 0.008571
1 0.486429 0.565714 0.012857 0.007619
1 0.486071 0.558571 0.013571 0.006667
1 0.484286 0.553810 0.010000 0.010476
1 0.474286 0.513810 0.011429 0.008571
1 0.474286 0.508095 0.008571 0.004762
1 0.471429 0.503810 0.011429 0.005714
1 0.471786 0.498571 0.009286 0.006667
1 0.470000 0.494762 0.008571 0.006667
1 0.468571 0.490000 0.011429 0.006667
1 0.465714 0.485238 0.010000 0.006667
1 0.466786 0.480952 0.007857 0.005714
1 0.457857 0.487143 0.005714 0.008571
1 0.506071 0.481429 0.006429 0.010476
1 0.482857 0.389048 0.004286 0.010476
1 0.633929 0.588095 0.007857 0.012381
1 0.640714 0.588571 0.008571 0.011429
1 0.646429 0.586667 0.008571 0.011429
1 0.654643 0.585714 0.007857 0.013333
1 0.661071 0.584762 0.007857 0.013333
1 0.668929 0.583810 0.009286 0.013333
1 0.674643 0.582857 0.009286 0.013333
1 0.681071 0.582381 0.006429 0.010476
1 0.644643 0.487143 0.006429 0.008571
1 0.634286 0.451905 0.005714 0.008571
1 0.656429 0.485714 0.007143 0.009524
1 0.525357 0.237143 0.002143 0.003810
