1 0.597500 0.345333 0.049000 0.024000
0 0.406250 0.128667 0.001500 0.006667
1 0.430500 0.224000 0.012000 0.014667
1 0.466250 0.192000 0.009500 0.009333
1 0.454250 0.164667 0.007500 0.008000
1 0.453000 0.141000 0.006000 0.006000
1 0.443250 0.140333 0.005500 0.007333
1 0.440750 0.137333 0.005500 0.006667
1 0.446750 0.129000 0.004500 0.004667
1 0.438250 0.130667 0.004500 0.005333
1 0.443500 0.125667 0.004000 0.006000
1 0.438500 0.122667 0.004000 0.005333
1 0.443750 0.120667 0.003500 0.004000
1 0.442000 0.118000 0.004000 0.004000
1 0.441000 0.115333 0.004000 0.004000
1 0.431250 0.112000 0.004500 0.005333
1 0.438250 0.110667 0.003500 0.004000
2 0.428250 0.127000 0.001500 0.003333
2 0.413000 0.117667 0.001000 0.003333
1 0.389500 0.078667 0.006000 0.004000
1 0.396750 0.078000 0.006500 0.004000
1 0.411500 0.092000 0.003000 0.002667
2 0.970250 0.366667 0.018500 0.016000
1 0.590750 0.174000 0.011500 0.009333
1 0.576000 0.137333 0.005000 0.006667
1 0.595750 0.159667 0.011500 0.006000
