0 0.143571 0.885238 0.011429 0.012381
1 0.158571 0.978095 0.055714 0.043810
2 0.208929 0.973810 0.015000 0.025714
1 0.348214 0.891429 0.043571 0.070476
1 0.246429 0.704286 0.041429 0.058095
0 0.227500 0.696667 0.010714 0.014286
2 0.229643 0.659048 0.013571 0.022857
0 0.185357 0.634762 0.012143 0.012381
0 0.213929 0.621905 0.013571 0.009524
0 0.187143 0.619524 0.011429 0.010476
0 0.175714 0.616667 0.008571 0.008571
0 0.244643 0.570476 0.009286 0.011429
2 0.254643 0.521429 0.013571 0.020000
1 0.014643 0.493810 0.029286 0.063810
1 0.119286 0.358095 0.042857 0.028571
1 0.130000 0.325238 0.051429 0.031429
1 0.135000 0.290000 0.051429 0.033333
1 0.048929 0.272857 0.026429 0.065714
1 0.017143 0.276667 0.028571 0.061905
0 0.306429 0.442857 0.014286 0.015238
0 0.357500 0.386190 0.009286 0.008571
0 0.367857 0.374286 0.007143 0.009524
0 0.362857 0.364762 0.007143 0.009524
1 0.439286 0.413810 0.041429 0.056190
1 0.392500 0.376667 0.042143 0.063810
0 0.418214 0.319524 0.007857 0.012381
1 0.485000 0.346190 0.041429 0.054286
0 0.445000 0.285714 0.010000 0.013333
1 0.531071 0.289524 0.040714 0.055238
0 0.525000 0.270476 0.008571 0.022857
1 0.566071 0.239048 0.035000 0.049524
0 0.578571 0.112857 0.010000 0.018095
0 0.554286 0.110952 0.005714 0.014286
0 0.615000 0.042857 0.010000 0.020952
0 0.619286 0.059524 0.007143 0.014286
0 0.640000 0.012857 0.008571 0.021905
1 0.530714 0.509048 0.041429 0.056190
2 0.601429 0.509048 0.014286 0.018095
2 0.520714 0.460476 0.014286 0.021905
2 0.675714 0.437619 0.017143 0.027619
1 0.676071 0.312381 0.042143 0.057143
1 0.696429 0.125238 0.042857 0.054286
1 0.712857 0.101905 0.042857 0.055238
1 0.733929 0.082381 0.036429 0.058095
1 0.709286 0.047143 0.041429 0.054286
1 0.540714 0.933810 0.042857 0.065714
1 0.596429 0.849524 0.044286 0.062857
1 0.667143 0.800952 0.021429 0.068571
1 0.732857 0.773810 0.027143 0.071429
1 0.660000 0.635714 0.041429 0.058095
2 0.778214 0.682857 0.016429 0.017143
1 0.746071 0.511905 0.035000 0.046667
1 0.782857 0.468571 0.041429 0.055238
1 0.836429 0.436667 0.040000 0.054286
1 0.899286 0.228571 0.041429 0.055238
1 0.917857 0.064286 0.042857 0.052381
1 0.984643 0.200952 0.030714 0.051429
2 0.252857 0.598571 0.018571 0.023810
1 0.451071 0.956190 0.043571 0.064762
