0 0.505000 0.915238 0.011429 0.017143
0 0.383929 0.918571 0.010714 0.016190
0 0.367143 0.979524 0.008571 0.012381
0 0.375000 0.984762 0.007143 0.009524
0 0.015714 0.818571 0.015714 0.018095
0 0.153571 0.820476 0.014286 0.016190
0 0.420000 0.550952 0.008571 0.021905
0 0.529643 0.457143 0.006429 0.019048
0 0.418214 0.382857 0.007857 0.022857
0 0.416786 0.258571 0.006429 0.018095
0 0.359643 0.260476 0.009286 0.018095
0 0.430357 0.193810 0.006429 0.020000
0 0.446071 0.093810 0.006429 0.020000
0 0.549643 0.604286 0.007857 0.018095
0 0.611071 0.606667 0.007857 0.017143
1 0.970357 0.667619 0.059286 0.040000
1 0.902500 0.654286 0.065000 0.041905
2 0.785714 0.569524 0.017143 0.036190
2 0.782857 0.680952 0.027143 0.013333
2 0.756786 0.697143 0.027857 0.015238
2 0.740357 0.730952 0.025000 0.016190
2 0.558929 0.706667 0.026429 0.015238
2 0.606786 0.661905 0.027857 0.013333
2 0.519286 0.676190 0.025714 0.017143
2 0.522143 0.656190 0.021429 0.015238
2 0.488929 0.601429 0.025000 0.014286
2 0.310714 0.606190 0.024286 0.014286
2 0.245000 0.781905 0.030000 0.015238
2 0.083214 0.580952 0.022143 0.011429
0 0.048214 0.552857 0.009286 0.016190
1 0.062143 0.540000 0.044286 0.030476
1 0.108571 0.702381 0.072857 0.042857
1 0.207857 0.656190 0.061429 0.040000
1 0.429643 0.703333 0.065000 0.042857
2 0.520000 0.586190 0.027143 0.014286
2 0.588214 0.476190 0.019286 0.013333
1 0.425000 0.319524 0.024286 0.056190
2 0.442500 0.219048 0.019286 0.019048
2 0.278214 0.427619 0.015000 0.019048
2 0.332500 0.306667 0.019286 0.015238
2 0.337857 0.277619 0.012857 0.023810
2 0.342143 0.260952 0.010000 0.022857
1 0.352143 0.228095 0.022857 0.044762
1 0.462857 0.068095 0.017143 0.033333
2 0.392857 0.034762 0.014286 0.016190
2 0.396429 0.019524 0.017143 0.008571
2 0.398929 0.009524 0.015000 0.009524
2 0.423214 0.015714 0.007857 0.021905
0 0.882857 0.522381 0.007143 0.008571
0 0.814643 0.545238 0.010714 0.016190
1 0.151786 0.850952 0.072143 0.052381
1 0.231786 0.865238 0.070714 0.046667
1 0.316429 0.879524 0.078571 0.046667
2 0.406429 0.942381 0.017143 0.037143
2 0.390000 0.983333 0.017143 0.033333
2 0.403571 0.981429 0.012857 0.037143
2 0.417857 0.943810 0.012857 0.040000
2 0.438571 0.946190 0.014286 0.039048
2 0.425000 0.984286 0.017143 0.031429
2 0.442143 0.988095 0.010000 0.023810
2 0.460357 0.989524 0.010714 0.020952
2 0.476786 0.988095 0.013571 0.023810
2 0.451429 0.952857 0.012857 0.039048
2 0.466071 0.948095 0.010714 0.037143
2 0.481786 0.948571 0.012143 0.036190
2 0.586429 0.973333 0.011429 0.041905
2 0.602143 0.976667 0.008571 0.040952
2 0.613929 0.979048 0.010714 0.040000
2 0.632857 0.977143 0.014286 0.041905
1 0.693929 0.981905 0.037857 0.036190
