2 0.068929 0.987619 0.015000 0.024762
0 0.032500 0.917143 0.027857 0.019048
2 0.150000 0.828095 0.012857 0.031429
2 0.100714 0.842381 0.022857 0.048571
2 0.116786 0.835714 0.016429 0.044762
2 0.132500 0.829048 0.022143 0.040952
2 0.138929 0.921429 0.025000 0.039048
2 0.154643 0.928095 0.029286 0.054286
2 0.180714 0.923333 0.024286 0.050476
2 0.193571 0.968095 0.017143 0.052381
2 0.233571 0.984286 0.018571 0.031429
2 0.251429 0.987619 0.018571 0.024762
2 0.279643 0.988571 0.013571 0.022857
2 0.295714 0.989048 0.017143 0.021905
2 0.313929 0.985238 0.015000 0.029524
2 0.325714 0.985238 0.012857 0.029524
2 0.361429 0.986190 0.014286 0.027619
2 0.378929 0.982857 0.016429 0.034286
2 0.390714 0.974286 0.015714 0.045714
2 0.362500 0.944762 0.013571 0.047619
2 0.252500 0.798571 0.022143 0.037143
2 0.301429 0.763810 0.028571 0.026667
0 0.453571 0.702381 0.011429 0.018095
0 0.470714 0.702381 0.011429 0.023810
0 0.473214 0.682857 0.010714 0.020952
0 0.487500 0.690476 0.009286 0.024762
0 0.486786 0.710000 0.012143 0.020000
0 0.507143 0.542381 0.008571 0.020000
0 0.575000 0.612857 0.008571 0.023810
1 0.599643 0.476667 0.070714 0.063810
1 0.614643 0.445714 0.067857 0.064762
1 0.689643 0.452857 0.049286 0.075238
1 0.654643 0.380000 0.066429 0.059048
1 0.669286 0.344762 0.055714 0.055238
2 0.595357 0.260952 0.015000 0.028571
1 0.702143 0.228571 0.042857 0.060952
1 0.736071 0.239524 0.030714 0.060000
1 0.768929 0.243810 0.032143 0.064762
1 0.809286 0.261905 0.040000 0.064762
0 0.881786 0.250476 0.013571 0.022857
1 0.832857 0.406190 0.068571 0.061905
1 0.868571 0.391429 0.055714 0.053333
1 0.888571 0.365714 0.051429 0.051429
1 0.905714 0.326667 0.054286 0.043810
2 0.674643 0.880000 0.013571 0.034286
0 0.724643 0.928571 0.013571 0.017143
0 0.794643 0.871429 0.019286 0.020952
0 0.772857 0.850476 0.018571 0.019048
0 0.795000 0.836667 0.015714 0.014286
2 0.860357 0.753333 0.015000 0.028571
0 0.897143 0.792857 0.017143 0.018095
0 0.894643 0.776190 0.019286 0.019048
0 0.912857 0.772381 0.015714 0.017143
2 0.986786 0.760000 0.020714 0.036190
0 0.993214 0.781429 0.013571 0.018095
1 0.954286 0.965238 0.080000 0.069524
