1 0.955000 0.762857 0.071429 0.150476
0 0.835000 0.637619 0.024286 0.027619
0 0.830714 0.621905 0.021429 0.026667
2 0.745000 0.641429 0.037143 0.040952
2 0.770000 0.680952 0.017143 0.045714
1 0.694643 0.689048 0.047857 0.117143
2 0.660000 0.638095 0.024286 0.047619
0 0.722500 0.605238 0.015000 0.025714
0 0.664643 0.581905 0.020714 0.028571
0 0.672143 0.571429 0.021429 0.028571
0 0.667500 0.554762 0.019286 0.025714
0 0.536071 0.564762 0.015000 0.024762
1 0.019643 0.500952 0.039286 0.087619
1 0.047143 0.530476 0.081429 0.120000
1 0.144286 0.560952 0.068571 0.121905
1 0.187500 0.577143 0.070714 0.137143
1 0.282143 0.590000 0.065714 0.119048
0 0.031071 0.370952 0.017857 0.025714
0 0.126429 0.295238 0.017143 0.032381
1 0.025714 0.308095 0.051429 0.086667
1 0.304286 0.378095 0.048571 0.093333
0 0.358571 0.489048 0.018571 0.029524
0 0.423214 0.474286 0.012143 0.032381
0 0.434643 0.467143 0.010714 0.025714
0 0.606429 0.434762 0.011429 0.025714
0 0.621071 0.441429 0.010714 0.027619
