1 0.632857 0.169048 0.004286 0.006667
1 0.639643 0.159048 0.007857 0.005714
1 0.665357 0.211905 0.010714 0.006667
1 0.672500 0.220000 0.010714 0.007619
1 0.670714 0.216667 0.011429 0.006667
1 0.645714 0.232857 0.012857 0.008571
1 0.643214 0.248095 0.015000 0.008571
1 0.643571 0.242381 0.015714 0.008571
1 0.647500 0.240476 0.015000 0.008571
1 0.650714 0.230000 0.012857 0.008571
1 0.649643 0.226667 0.012143 0.007619
1 0.558571 0.193333 0.004286 0.007619
1 0.561429 0.189524 0.004286 0.005714
2 0.189643 0.732381 0.017857 0.013333
2 0.280714 0.728095 0.007143 0.031429
2 0.564286 0.355714 0.002857 0.010476
2 0.558571 0.396190 0.002857 0.011429
1 0.119643 0.520952 0.026429 0.019048
1 0.136429 0.502857 0.032857 0.019048
1 0.148571 0.491905 0.024286 0.016190
2 0.160000 0.472857 0.010000 0.012381
1 0.900357 0.242381 0.016429 0.008571
1 0.848571 0.223810 0.015714 0.007619
