1 0.092143 0.554286 0.055714 0.030476
1 0.302143 0.539524 0.054286 0.031429
1 0.766786 0.483810 0.055000 0.030476
1 0.839643 0.490476 0.055000 0.032381
1 0.921786 0.489524 0.059286 0.028571
1 0.469286 0.203333 0.024286 0.063810
2 0.431429 0.204762 0.011429 0.036190
2 0.440357 0.393810 0.009286 0.035238
2 0.406429 0.460000 0.024286 0.015238
2 0.544643 0.593810 0.009286 0.029524
2 0.600000 0.536667 0.022857 0.016190
2 0.610000 0.559048 0.024286 0.015238
2 0.976429 0.552381 0.028571 0.015238
2 0.848214 0.454762 0.027857 0.016190
2 0.729643 0.534286 0.023571 0.013333
2 0.741429 0.459048 0.025714 0.015238
2 0.518571 0.801429 0.010000 0.035238
2 0.486429 0.849524 0.012857 0.030476
2 0.400714 0.644762 0.011429 0.030476
2 0.417500 0.570952 0.017857 0.016190
1 0.448571 0.788571 0.025714 0.070476
1 0.438214 0.878571 0.023571 0.067619
1 0.512143 0.721429 0.025714 0.073333
1 0.549643 0.784762 0.022143 0.068571
0 0.045714 0.565714 0.021429 0.013333
0 0.446429 0.565714 0.007143 0.011429
0 0.451429 0.569524 0.005714 0.011429
0 0.457143 0.567619 0.005714 0.013333
0 0.419286 0.444286 0.008571 0.008571
0 0.408929 0.444286 0.006429 0.008571
0 0.506786 0.391429 0.006429 0.011429
0 0.934286 0.305714 0.015714 0.013333
0 0.453571 0.827143 0.008571 0.014286
