1 0.100357 0.214286 0.045000 0.047619
2 0.228214 0.097619 0.016429 0.016190
2 0.382143 0.147619 0.020000 0.013333
2 0.408929 0.340952 0.009286 0.034286
2 0.990357 0.485238 0.019286 0.025714
2 0.651429 0.182857 0.017143 0.024762
1 0.365714 0.296190 0.024286 0.055238
1 0.045714 0.758571 0.087143 0.052381
1 0.148571 0.906667 0.047143 0.129524
1 0.088571 0.910000 0.058571 0.132381
1 0.035714 0.885238 0.071429 0.050476
1 0.026071 0.957143 0.052143 0.055238
1 0.043214 0.816667 0.086429 0.058095
1 0.848214 0.590000 0.039286 0.086667
1 0.837857 0.420952 0.027143 0.049524
1 0.858214 0.353333 0.029286 0.060952
1 0.357500 0.464762 0.027857 0.070476
2 0.555714 0.153810 0.032857 0.025714
0 0.558571 0.148095 0.005714 0.018095
0 0.560357 0.142857 0.006429 0.015238
0 0.552857 0.119048 0.004286 0.020952
0 0.559643 0.111429 0.007857 0.020952
0 0.579643 0.135714 0.005000 0.018095
0 0.581071 0.130476 0.003571 0.019048
0 0.661429 0.178095 0.004286 0.020952
