0 0.493000 0.255000 0.011000 0.027333
1 0.488750 0.976333 0.038500 0.047333
1 0.538250 0.953000 0.039500 0.094000
1 0.557250 0.849667 0.037500 0.100667
1 0.631750 0.813667 0.033500 0.091333
1 0.615750 0.702333 0.028500 0.079333
1 0.579750 0.735333 0.029500 0.082667
1 0.542250 0.743333 0.034500 0.086667
1 0.520000 0.879333 0.038000 0.100000
1 0.462500 0.678333 0.061000 0.035333
1 0.645000 0.621333 0.042000 0.072000
1 0.894750 0.813333 0.066500 0.056000
1 0.824750 0.759333 0.069500 0.044000
1 0.797250 0.821000 0.076500 0.058000
1 0.645750 0.462333 0.039500 0.058000
1 0.629250 0.401667 0.026500 0.056667
1 0.605250 0.486000 0.027500 0.065333
1 0.573500 0.605000 0.029000 0.074000
1 0.541750 0.585667 0.030500 0.071333
1 0.567750 0.451333 0.037500 0.061333
1 0.526500 0.436000 0.041000 0.053333
1 0.464500 0.531000 0.049000 0.050000
1 0.433750 0.584333 0.052500 0.047333
1 0.375750 0.517333 0.046500 0.046667
1 0.355000 0.554667 0.046000 0.057333
1 0.483250 0.797333 0.043500 0.093333
1 0.475750 0.429333 0.037500 0.061333
1 0.438000 0.365667 0.032000 0.051333
1 0.503750 0.338333 0.038500 0.046000
1 0.459750 0.327000 0.035500 0.058000
1 0.472000 0.284333 0.031000 0.044667
1 0.432750 0.221000 0.030500 0.046000
1 0.362000 0.172000 0.026000 0.041333
1 0.382500 0.137333 0.029000 0.041333
1 0.316500 0.083333 0.026000 0.038667
1 0.310250 0.016667 0.025500 0.033333
1 0.186500 0.138333 0.035000 0.032667
1 0.100250 0.009333 0.026500 0.018667
1 0.115750 0.019333 0.031500 0.032000
1 0.129000 0.021333 0.033000 0.026667
1 0.137500 0.034000 0.029000 0.030667
1 0.151250 0.044667 0.033500 0.034667
1 0.164000 0.049667 0.025000 0.036667
1 0.176500 0.062000 0.030000 0.037333
0 0.361750 0.076667 0.010500 0.028000
0 0.559500 0.478333 0.010000 0.022000
0 0.550750 0.486333 0.007500 0.020667
0 0.592250 0.471667 0.012500 0.023333
0 0.557250 0.522000 0.008500 0.020000
0 0.624750 0.563667 0.008500 0.019333
0 0.647750 0.566333 0.008500 0.024667
0 0.652750 0.543667 0.010500 0.023333
0 0.668250 0.564667 0.009500 0.024000
0 0.345250 0.454333 0.013500 0.019333
0 0.682500 0.597667 0.009000 0.014000
2 0.855500 0.262333 0.019000 0.023333
2 0.857750 0.277000 0.015500 0.018000
2 0.872750 0.272667 0.010500 0.020000
2 0.869250 0.384333 0.008500 0.027333
2 0.882750 0.396000 0.010500 0.026667
2 0.907750 0.317667 0.011500 0.018000
2 0.885750 0.349000 0.007500 0.023333
2 0.896750 0.360667 0.019500 0.014667
2 0.905750 0.368667 0.015500 0.016000
2 0.920500 0.374333 0.019000 0.012667
2 0.899500 0.396333 0.015000 0.019333
2 0.911000 0.406000 0.016000 0.021333
2 0.916500 0.411000 0.018000 0.020667
2 0.923750 0.422333 0.016500 0.019333
2 0.931250 0.432333 0.014500 0.018000
2 0.937500 0.441000 0.018000 0.019333
2 0.944000 0.448333 0.015000 0.018000
2 0.966000 0.470667 0.017000 0.020000
0 0.851250 0.404667 0.013500 0.014667
0 0.935250 0.454000 0.013500 0.017333
0 0.936500 0.447667 0.015000 0.018000
0 0.945500 0.422667 0.014000 0.018667
0 0.952750 0.420333 0.016500 0.018000
0 0.972750 0.642333 0.018500 0.014000
0 0.947750 0.764667 0.012500 0.010667
0 0.955000 0.772000 0.019000 0.017333
0 0.878500 0.860333 0.019000 0.015333
0 0.982000 0.911667 0.022000 0.018000
2 0.891000 0.909333 0.018000 0.034667
2 0.938000 0.734667 0.027000 0.014667
0 0.692250 0.689667 0.013500 0.015333
