1 0.038214 0.308095 0.033571 0.031429
1 0.011071 0.250952 0.022143 0.018095
1 0.013571 0.236190 0.027143 0.017143
1 0.023214 0.331429 0.033571 0.028571
1 0.075714 0.246667 0.037143 0.022857
1 0.146786 0.359524 0.017857 0.040952
1 0.149286 0.408571 0.020000 0.045714
1 0.658571 0.576190 0.048571 0.028571
1 0.728929 0.509048 0.043571 0.023810
1 0.490357 0.538095 0.042143 0.026667
1 0.436071 0.258571 0.029286 0.031429
1 0.466786 0.213810 0.015000 0.037143
1 0.482500 0.209524 0.013571 0.032381
1 0.518214 0.209524 0.013571 0.036190
1 0.536071 0.208095 0.013571 0.039048
0 0.393214 0.286667 0.005000 0.013333
0 0.345357 0.219524 0.005000 0.016190
2 0.405000 0.250952 0.010000 0.014286
2 0.320000 0.491429 0.011429 0.024762
2 0.247857 0.464286 0.012857 0.016190
2 0.392143 0.491905 0.005714 0.018095
1 0.199286 0.220476 0.018571 0.040952
1 0.167500 0.184286 0.016429 0.035238
1 0.096071 0.202857 0.030714 0.019048
1 0.144286 0.154762 0.014286 0.035238
1 0.410357 0.041429 0.022143 0.018095
1 0.420000 0.066190 0.025714 0.021905
1 0.420714 0.079048 0.025714 0.019048
1 0.424286 0.089048 0.030000 0.021905
1 0.425000 0.105238 0.032857 0.023810
1 0.353214 0.108095 0.027857 0.021905
1 0.354286 0.094762 0.028571 0.021905
1 0.341429 0.034762 0.028571 0.020000
1 0.345714 0.059048 0.030000 0.022857
0 0.317500 0.134286 0.006429 0.015238
2 0.150000 0.028571 0.004286 0.017143
2 0.061429 0.201905 0.010000 0.017143
2 0.100000 0.293810 0.007143 0.018095
1 0.017143 0.218095 0.034286 0.024762
1 0.035357 0.147143 0.032143 0.021905
1 0.016071 0.199048 0.032143 0.022857
1 0.964286 0.530476 0.048571 0.028571
1 0.953571 0.496190 0.048571 0.026667
1 0.835357 0.510000 0.045000 0.025714
2 0.936429 0.430476 0.018571 0.015238
1 0.755000 0.328095 0.021429 0.035238
2 0.939286 0.360476 0.018571 0.010476
0 0.437143 0.362857 0.004286 0.015238
0 0.775357 0.899524 0.006429 0.010476
