1 0.577857 0.036190 0.018571 0.047619
1 0.591071 0.128571 0.017857 0.043810
2 0.618214 0.176190 0.006429 0.020952
2 0.637857 0.236667 0.014286 0.006667
2 0.639286 0.245238 0.015714 0.010476
2 0.640714 0.317143 0.007143 0.024762
2 0.654643 0.360000 0.015000 0.013333
1 0.605357 0.298571 0.020714 0.052381
1 0.635357 0.457143 0.029286 0.049524
1 0.547500 0.425238 0.020714 0.054286
1 0.498571 0.489524 0.047143 0.032381
0 0.665000 0.543333 0.008571 0.012381
2 0.725714 0.507619 0.007143 0.026667
2 0.743929 0.509048 0.007857 0.021905
1 0.801429 0.555238 0.040000 0.030476
1 0.779286 0.577143 0.050000 0.040000
2 0.826071 0.527619 0.007857 0.020952
1 0.855000 0.568571 0.048571 0.032381
1 0.984643 0.593810 0.030714 0.033333
2 0.828214 0.633333 0.022143 0.011429
1 0.675000 0.849524 0.050000 0.032381
2 0.572500 0.963810 0.020714 0.013333
2 0.535714 0.918095 0.024286 0.013333
2 0.504286 0.889048 0.004286 0.025714
1 0.499286 0.833333 0.054286 0.032381
1 0.369286 0.808095 0.052857 0.033333
1 0.283571 0.790000 0.057143 0.035238
1 0.227857 0.777143 0.052857 0.036190
2 0.300357 0.735238 0.020714 0.011429
2 0.350714 0.726667 0.020000 0.011429
1 0.022143 0.734762 0.044286 0.033333
1 0.017857 0.668095 0.035714 0.042857
1 0.021071 0.522857 0.042143 0.030476
1 0.033214 0.485238 0.049286 0.031429
2 0.033929 0.418571 0.020714 0.010476
2 0.108214 0.433810 0.019286 0.012381
1 0.119286 0.470476 0.050000 0.032381
1 0.095714 0.497143 0.044286 0.028571
1 0.152500 0.508571 0.043571 0.030476
1 0.210000 0.524286 0.042857 0.031429
1 0.142143 0.418095 0.047143 0.030476
1 0.193571 0.427143 0.050000 0.025714
2 0.276429 0.410000 0.007143 0.025714
2 0.276786 0.629524 0.020714 0.009524
2 0.438929 0.611429 0.019286 0.009524
2 0.405000 0.524762 0.017143 0.011429
0 0.470714 0.502857 0.005714 0.009524
1 0.446429 0.482857 0.044286 0.028571
1 0.393214 0.469048 0.047857 0.031429
1 0.333571 0.457143 0.048571 0.032381
2 0.330714 0.424286 0.008571 0.025714
2 0.342143 0.425714 0.010000 0.026667
