0 0.395500 0.757333 0.007000 0.018667
0 0.444250 0.786000 0.005500 0.018667
0 0.458750 0.804333 0.006500 0.020667
0 0.469000 0.831667 0.006000 0.020667
0 0.492000 0.865000 0.005000 0.020667
0 0.457250 0.726000 0.004500 0.017333
0 0.579750 0.478333 0.002500 0.012667
2 0.718750 0.437000 0.003500 0.012667
2 0.724500 0.440667 0.005000 0.013333
2 0.732500 0.447333 0.005000 0.010667
2 0.737750 0.450333 0.006500 0.014000
2 0.743000 0.454667 0.007000 0.010667
2 0.761750 0.465333 0.010500 0.008000
0 0.782500 0.479333 0.006000 0.012000
0 0.791250 0.507000 0.005500 0.014000
0 0.793000 0.511333 0.006000 0.014667
0 0.802500 0.511667 0.005000 0.014000
0 0.801500 0.509000 0.006000 0.014000
0 0.965000 0.623333 0.010000 0.017333
1 0.140750 0.273333 0.016500 0.010667
1 0.128250 0.271333 0.017500 0.013333
