1 0.488214 0.977619 0.022143 0.044762
1 0.594643 0.983810 0.020714 0.032381
1 0.585714 0.863810 0.022857 0.066667
1 0.556786 0.282381 0.025000 0.073333
1 0.453929 0.312857 0.025000 0.075238
1 0.448571 0.221905 0.027143 0.076190
1 0.549643 0.201429 0.023571 0.069524
1 0.440357 0.140952 0.026429 0.076190
1 0.552857 0.130000 0.024286 0.069524
1 0.547143 0.029048 0.021429 0.058095
2 0.412143 0.019048 0.021429 0.024762
2 0.378929 0.033810 0.019286 0.021905
2 0.353214 0.027143 0.017857 0.025714
2 0.390357 0.007143 0.015000 0.014286
2 0.588571 0.915714 0.021429 0.018095
2 0.588929 0.939524 0.022143 0.016190
2 0.595000 0.961429 0.024286 0.023810
0 0.401429 0.141429 0.008571 0.018095
0 0.399643 0.128571 0.007857 0.019048
