1 0.512500 0.867143 0.042143 0.115238
1 0.505000 0.730476 0.038571 0.100952
1 0.439286 0.730000 0.034286 0.092381
1 0.383571 0.637143 0.032857 0.080000
1 0.492857 0.605238 0.031429 0.077143
2 0.356071 0.580476 0.010714 0.039048
2 0.400000 0.558571 0.010000 0.029524
2 0.494286 0.473333 0.012857 0.026667
1 0.427500 0.465714 0.026429 0.066667
1 0.472143 0.381905 0.024286 0.053333
1 0.408929 0.358095 0.025000 0.053333
1 0.466786 0.329048 0.022143 0.046667
1 0.459643 0.281429 0.019286 0.040952
1 0.454643 0.226667 0.019286 0.040000
2 0.355000 0.275714 0.008571 0.020000
2 0.222857 0.902381 0.024286 0.058095
2 0.285000 0.814286 0.015714 0.045714
2 0.317857 0.748571 0.015714 0.059048
2 0.251786 0.710476 0.013571 0.041905
2 0.332857 0.503333 0.010000 0.025714
0 0.249643 0.769524 0.013571 0.026667
0 0.254286 0.739524 0.011429 0.025714
1 0.301071 0.340476 0.026429 0.048571
2 0.355714 0.190000 0.008571 0.025714
2 0.438929 0.117619 0.005000 0.016190
2 0.366071 0.053810 0.006429 0.014286
2 0.407143 0.029524 0.005714 0.013333
1 0.440357 0.047619 0.015000 0.026667
1 0.478929 0.070476 0.013571 0.019048
1 0.096429 0.791429 0.075714 0.049524
1 0.118214 0.744762 0.073571 0.047619
1 0.136786 0.704762 0.063571 0.043810
1 0.148214 0.671429 0.060714 0.040000
1 0.169643 0.631905 0.050714 0.040952
0 0.139286 0.646190 0.015714 0.021905
2 0.101071 0.677143 0.027857 0.032381
0 0.055357 0.725714 0.020714 0.030476
1 0.053214 0.635714 0.039286 0.077143
1 0.092857 0.592857 0.047143 0.080952
0 0.963214 0.802381 0.019286 0.025714
0 0.942857 0.678095 0.017143 0.022857
0 0.936071 0.663333 0.016429 0.021905
2 0.961786 0.625238 0.033571 0.021905
2 0.952143 0.611905 0.021429 0.023810
2 0.938214 0.591429 0.026429 0.013333
1 0.720714 0.416667 0.040000 0.050476
2 0.692143 0.408095 0.011429 0.027619
1 0.651786 0.369048 0.032143 0.044762
2 0.619286 0.375238 0.007143 0.024762
1 0.595000 0.323810 0.031429 0.043810
2 0.607500 0.295238 0.010714 0.020952
1 0.646071 0.302857 0.022143 0.038095
2 0.547857 0.151429 0.008571 0.019048
2 0.525714 0.115238 0.007143 0.017143
2 0.541786 0.089048 0.007857 0.014286
1 0.522143 0.072857 0.017143 0.025714
2 0.532857 0.051905 0.007143 0.012381
2 0.525000 0.034286 0.007143 0.013333
1 0.534643 0.007143 0.013571 0.014286
2 0.675714 0.148095 0.014286 0.014286
1 0.746786 0.150000 0.029286 0.021905
2 0.183214 0.336667 0.017857 0.027619
0 0.190714 0.332857 0.012857 0.020000
0 0.181786 0.298571 0.010714 0.020000
2 0.172143 0.302381 0.010000 0.025714
