0 0.569750 0.028333 0.018500 0.056667
0 0.556500 0.088333 0.019000 0.079333
0 0.551500 0.207000 0.019000 0.067333
0 0.350000 0.380000 0.034000 0.070667
0 0.604750 0.469000 0.028500 0.068667
0 0.572000 0.633000 0.030000 0.051333
0 0.592250 0.614000 0.020500 0.036000
0 0.636500 0.657333 0.032000 0.048000
0 0.625000 0.597333 0.028000 0.045333
0 0.673500 0.479333 0.032000 0.061333
0 0.684000 0.548667 0.037000 0.060000
0 0.776750 0.574000 0.027500 0.074667
0 0.734250 0.592000 0.044500 0.052000
2 0.408000 0.404000 0.030000 0.094667
2 0.466000 0.338000 0.020000 0.076000
2 0.454500 0.539667 0.025000 0.090000
2 0.617250 0.545667 0.040500 0.094000
2 0.436000 0.143333 0.020000 0.088000
0 0.626250 0.135667 0.023500 0.084667
0 0.627500 0.117000 0.032000 0.078000
0 0.698000 0.150000 0.022000 0.084000
0 0.703500 0.171667 0.022000 0.062000
0 0.731000 0.170667 0.020000 0.061333
0 0.546500 0.860000 0.034000 0.065333
0 0.696750 0.890333 0.034500 0.040667
0 0.713250 0.947000 0.044500 0.042000
0 0.816750 0.853000 0.054500 0.064667
2 0.584750 0.739333 0.046500 0.109333
0 0.341250 0.831667 0.043500 0.046000
2 0.413750 0.857667 0.025500 0.127333
2 0.230500 0.238667 0.061000 0.045333
2 0.066250 0.388333 0.068500 0.052667
