1 0.046750 0.770333 0.093500 0.110000
1 0.416000 0.700333 0.151000 0.112667
1 0.818750 0.825000 0.150500 0.118000
1 0.773000 0.514333 0.114000 0.082000
1 0.621500 0.373000 0.064000 0.079333
1 0.514250 0.235667 0.047500 0.064667
1 0.455000 0.135333 0.029000 0.049333
1 0.455000 0.049667 0.032000 0.036667
1 0.376250 0.066333 0.029500 0.040667
1 0.362750 0.039333 0.027500 0.034667
1 0.379250 0.013333 0.026500 0.026667
1 0.418500 0.007667 0.026000 0.015333
1 0.219250 0.114000 0.030500 0.038667
1 0.260250 0.110667 0.030500 0.037333
