1 0.943571 0.061429 0.058571 0.046667
1 0.943214 0.021905 0.046429 0.036190
1 0.950000 0.164762 0.035714 0.072381
2 0.379643 0.011905 0.020714 0.023810
2 0.603214 0.017619 0.020714 0.018095
2 0.584286 0.106190 0.021429 0.014286
2 0.579643 0.122857 0.025000 0.015238
2 0.381429 0.069048 0.020000 0.018095
2 0.371786 0.081905 0.020714 0.019048
2 0.357857 0.097619 0.018571 0.021905
2 0.343929 0.112857 0.016429 0.023810
2 0.309643 0.147619 0.012143 0.030476
2 0.300357 0.155238 0.009286 0.024762
2 0.284286 0.164762 0.015714 0.024762
2 0.275000 0.170476 0.014286 0.024762
2 0.246429 0.187619 0.015714 0.022857
2 0.214286 0.205714 0.022857 0.013333
2 0.162143 0.332381 0.017143 0.026667
2 0.183929 0.330952 0.012143 0.027619
2 0.232857 0.330952 0.011429 0.029524
2 0.255357 0.364762 0.016429 0.022857
2 0.265000 0.374762 0.015714 0.027619
2 0.328571 0.438095 0.012857 0.028571
2 0.336071 0.454762 0.013571 0.023810
2 0.311071 0.470952 0.013571 0.027619
2 0.392857 0.490476 0.022857 0.009524
2 0.390357 0.476190 0.020714 0.013333
2 0.402500 0.650476 0.020714 0.017143
2 0.398571 0.664286 0.022857 0.012381
2 0.417500 0.770476 0.022143 0.019048
2 0.437857 0.905238 0.022857 0.014286
2 0.495714 0.879524 0.010000 0.029524
2 0.511429 0.737619 0.010000 0.029524
2 0.501429 0.660476 0.011429 0.031429
2 0.563214 0.628095 0.022143 0.016190
2 0.563571 0.616190 0.021429 0.013333
2 0.564643 0.595238 0.019286 0.019048
2 0.562857 0.573333 0.022857 0.013333
2 0.487857 0.520476 0.008571 0.029524
2 0.565000 0.522857 0.020000 0.011429
2 0.567143 0.497143 0.022857 0.013333
2 0.568571 0.473810 0.021429 0.018095
2 0.565000 0.453810 0.020000 0.014286
2 0.570357 0.357619 0.016429 0.012381
2 0.518929 0.398571 0.016429 0.020000
2 0.569286 0.344762 0.020000 0.011429
2 0.574643 0.334286 0.022143 0.013333
2 0.521429 0.300476 0.021429 0.012381
2 0.573214 0.303810 0.019286 0.009524
2 0.572143 0.293810 0.022857 0.012381
2 0.572143 0.278095 0.018571 0.009524
2 0.571429 0.266667 0.022857 0.013333
0 0.421071 0.033810 0.006429 0.020000
0 0.299643 0.121429 0.010714 0.014286
0 0.322857 0.247143 0.005714 0.012381
0 0.278929 0.275714 0.007857 0.010476
0 0.266429 0.282381 0.008571 0.008571
0 0.275357 0.286667 0.012143 0.009524
0 0.367857 0.256667 0.007143 0.010476
2 0.301786 0.295714 0.013571 0.031429
0 0.055357 0.240476 0.013571 0.010476
0 0.091429 0.244762 0.011429 0.013333
0 0.100357 0.255714 0.012143 0.016190
0 0.098929 0.262857 0.010714 0.009524
0 0.107143 0.242857 0.011429 0.013333
0 0.147500 0.234286 0.016429 0.020952
0 0.139286 0.259524 0.014286 0.012381
0 0.091071 0.299524 0.013571 0.008571
0 0.086429 0.307619 0.010000 0.007619
0 0.478929 0.956190 0.006429 0.013333
1 0.582857 0.936667 0.031429 0.077143
1 0.568929 0.845714 0.027857 0.078095
1 0.526786 0.839048 0.027857 0.074286
1 0.460000 0.863810 0.028571 0.074286
1 0.445714 0.772381 0.027143 0.070476
1 0.538571 0.626667 0.020000 0.060952
1 0.511071 0.491905 0.022143 0.077143
1 0.542143 0.415238 0.022857 0.070476
1 0.520357 0.348095 0.029286 0.071429
1 0.381071 0.421429 0.055000 0.035238
1 0.368929 0.371429 0.053571 0.036190
1 0.431071 0.327619 0.023571 0.074286
1 0.376429 0.319048 0.057143 0.041905
1 0.378929 0.282857 0.056429 0.030476
1 0.412143 0.219048 0.022857 0.070476
1 0.550714 0.159048 0.024286 0.068571
2 0.577857 0.184286 0.020000 0.016190
1 0.563571 0.072857 0.032857 0.079048
2 0.463214 0.557143 0.015000 0.030476
