1 0.087000 0.888667 0.150000 0.186667
1 0.694000 0.694667 0.153000 0.154667
1 0.087000 0.341000 0.061000 0.034000
1 0.048000 0.392000 0.071000 0.046667
1 0.046750 0.378000 0.079500 0.038667
1 0.034750 0.365000 0.069500 0.038000
1 0.744250 0.175333 0.027500 0.017333
1 0.827000 0.186667 0.034000 0.016000
1 0.875750 0.193000 0.034500 0.018000
1 0.839250 0.216333 0.040500 0.024667
1 0.798750 0.212000 0.033500 0.026667
1 0.755500 0.203000 0.036000 0.020667
1 0.257250 0.159333 0.022500 0.010667
1 0.243000 0.156000 0.021000 0.010667
1 0.226750 0.150333 0.014500 0.007333
1 0.219250 0.149000 0.014500 0.007333
1 0.178750 0.143000 0.008500 0.008667
1 0.210750 0.172333 0.021500 0.010000
1 0.268250 0.192667 0.023500 0.013333
1 0.276750 0.199000 0.025500 0.011333
1 0.203500 0.170667 0.020000 0.010667
1 0.174250 0.174333 0.025500 0.011333
0 0.044500 0.500667 0.020000 0.062667
0 0.092250 0.505667 0.019500 0.044667
0 0.188250 0.515667 0.018500 0.043333
2 0.276500 0.444000 0.035000 0.025333
2 0.314500 0.319667 0.014000 0.030000
0 0.250250 0.393000 0.013500 0.036667
0 0.268000 0.490667 0.015000 0.053333
0 0.298750 0.525000 0.021500 0.047333
0 0.208000 0.413333 0.014000 0.044000
0 0.368250 0.307667 0.009500 0.026000
0 0.403500 0.281333 0.006000 0.021333
0 0.419250 0.282333 0.005500 0.023333
0 0.470000 0.398667 0.008000 0.036000
0 0.448000 0.399333 0.009000 0.038667
0 0.441500 0.402667 0.009000 0.037333
0 0.419750 0.410000 0.011500 0.038667
0 0.396000 0.432000 0.015000 0.042667
0 0.374000 0.420667 0.015000 0.042667
0 0.358500 0.422333 0.013000 0.039333
0 0.527750 0.496000 0.012500 0.052000
0 0.517000 0.392000 0.013000 0.034667
2 0.766750 0.385667 0.020500 0.028667
0 0.860500 0.337667 0.016000 0.031333
0 0.830500 0.302000 0.010000 0.030667
0 0.811000 0.270667 0.011000 0.028000
0 0.777250 0.283333 0.008500 0.021333
0 0.714250 0.284000 0.008500 0.024000
0 0.710750 0.296667 0.008500 0.026667
0 0.674750 0.290667 0.010500 0.025333
0 0.700000 0.282667 0.009000 0.025333
0 0.766000 0.282000 0.009000 0.025333
0 0.849250 0.239333 0.011500 0.022667
0 0.844000 0.237667 0.008000 0.023333
0 0.650750 0.282000 0.009500 0.025333
0 0.663750 0.284667 0.007500 0.020000
0 0.661000 0.282000 0.005000 0.021333
0 0.547750 0.330333 0.009500 0.032667
1 0.781250 0.243667 0.046500 0.027333
1 0.765500 0.246667 0.040000 0.029333
1 0.744750 0.250667 0.038500 0.028000
1 0.794000 0.206000 0.037000 0.018667
1 0.923500 0.237000 0.027000 0.023333
1 0.965000 0.241000 0.049000 0.028667
1 0.988750 0.237000 0.022500 0.023333
1 0.869500 0.262667 0.036000 0.033333
1 0.837500 0.281333 0.024000 0.030667
0 0.919500 0.386667 0.012000 0.034667
0 0.991000 0.485333 0.018000 0.052000
0 0.956500 0.499333 0.022000 0.046667
0 0.966250 0.505000 0.012500 0.035333
0 0.971250 0.478333 0.012500 0.044667
1 0.853750 0.149667 0.021500 0.010000
1 0.714250 0.136000 0.017500 0.010667
1 0.694250 0.134333 0.017500 0.010000
2 0.974750 0.679333 0.039500 0.070667
0 0.898750 0.715667 0.039500 0.064667
0 0.879000 0.641667 0.038000 0.054000
2 0.899000 0.722333 0.045000 0.063333
2 0.884500 0.656000 0.030000 0.054667
0 0.961500 0.844000 0.051000 0.069333
2 0.702500 0.768000 0.057000 0.052000
0 0.705000 0.754667 0.031000 0.062667
0 0.708500 0.759667 0.016000 0.046000
0 0.788250 0.864667 0.046500 0.064000
0 0.700750 0.836667 0.023500 0.073333
2 0.690750 0.848333 0.051500 0.098000
0 0.722500 0.936333 0.031000 0.079333
0 0.650000 0.845333 0.022000 0.081333
0 0.617250 0.879000 0.027500 0.080667
0 0.782250 0.956333 0.041500 0.087333
0 0.771750 0.938000 0.033500 0.065333
0 0.637500 0.955000 0.024000 0.070000
0 0.597750 0.817667 0.026500 0.071333
0 0.500250 0.735333 0.019500 0.080000
2 0.557250 0.696333 0.037500 0.054000
0 0.558250 0.678333 0.027500 0.062000
2 0.496000 0.631667 0.037000 0.054000
0 0.495000 0.623667 0.028000 0.062000
0 0.470750 0.705667 0.019500 0.079333
0 0.483500 0.403333 0.012000 0.037333
0 0.483500 0.377000 0.008000 0.031333
0 0.475500 0.383000 0.008000 0.031333
0 0.455250 0.395333 0.010500 0.036000
0 0.399250 0.421333 0.012500 0.040000
0 0.353250 0.413333 0.009500 0.037333
0 0.376500 0.406000 0.012000 0.038667
0 0.381500 0.408000 0.012000 0.038667
0 0.387250 0.408333 0.008500 0.034000
0 0.427500 0.390333 0.009000 0.031333
0 0.444000 0.378667 0.009000 0.030667
0 0.450250 0.379000 0.006500 0.026000
0 0.471250 0.377667 0.009500 0.026000
0 0.480750 0.366333 0.009500 0.027333
0 0.441000 0.451667 0.009000 0.046000
0 0.418500 0.462333 0.013000 0.043333
0 0.398000 0.469667 0.013000 0.043333
0 0.390500 0.499000 0.015000 0.048667
0 0.405250 0.494333 0.012500 0.046000
0 0.377000 0.550667 0.016000 0.058667
0 0.365000 0.540667 0.016000 0.054667
0 0.348500 0.529667 0.016000 0.048667
2 0.385750 0.531000 0.028500 0.038000
0 0.414750 0.645333 0.016500 0.049333
0 0.408250 0.672000 0.012500 0.045333
0 0.422500 0.672000 0.013000 0.045333
2 0.403250 0.637667 0.044500 0.050000
2 0.128250 0.813000 0.038500 0.050000
2 0.088250 0.745667 0.042500 0.066000
2 0.052250 0.749667 0.028500 0.075333
