0 0.733250 0.445333 0.006500 0.025333
0 0.757500 0.456333 0.008000 0.023333
0 0.741250 0.463333 0.009500 0.022667
0 0.750750 0.463000 0.011500 0.027333
0 0.824250 0.487667 0.011500 0.030000
0 0.834000 0.499667 0.008000 0.015333
0 0.848000 0.501333 0.014000 0.026667
0 0.883250 0.417333 0.010500 0.018667
2 0.915750 0.454667 0.006500 0.025333
0 0.762000 0.451667 0.008000 0.020667
0 0.371250 0.484667 0.006500 0.013333
0 0.374750 0.479667 0.005500 0.014000
0 0.365250 0.597333 0.008500 0.025333
0 0.357000 0.603333 0.009000 0.021333
0 0.359000 0.608333 0.006000 0.015333
0 0.335750 0.620333 0.006500 0.026000
0 0.312750 0.666333 0.006500 0.015333
0 0.311750 0.653000 0.009500 0.028667
0 0.304500 0.659000 0.008000 0.026000
0 0.317500 0.733667 0.011000 0.030000
0 0.276000 0.723000 0.013000 0.030000
0 0.096750 0.923333 0.018500 0.024000
1 0.920250 0.265667 0.025500 0.042000
1 0.951500 0.271333 0.024000 0.045333
