1 0.872651 0.453154 0.056367 0.097403
1 0.793580 0.515306 0.049582 0.097403
0 0.700678 0.611781 0.012004 0.019481
0 0.655271 0.548237 0.013048 0.018553
1 0.600992 0.709647 0.051670 0.109462
1 0.566023 0.739796 0.048539 0.115955
1 0.528967 0.763915 0.046451 0.123377
1 0.460595 0.818182 0.041232 0.120594
2 0.327766 0.776438 0.025052 0.025974
0 0.330115 0.793599 0.014092 0.013915
0 0.339248 0.755102 0.012526 0.011132
1 0.022965 0.880334 0.045929 0.118738
1 0.345511 0.907699 0.044885 0.123377
1 0.240866 0.967996 0.039144 0.062152
