0 0.181250 0.019667 0.012500 0.022000
0 0.194750 0.015333 0.017500 0.022667
0 0.208250 0.036667 0.018500 0.018667
1 0.358000 0.190000 0.032000 0.081333
0 0.476250 0.120667 0.007500 0.021333
1 0.460750 0.083000 0.026500 0.084667
1 0.423750 0.244000 0.057500 0.045333
1 0.431000 0.301667 0.056000 0.038000
1 0.548500 0.287667 0.044000 0.075333
0 0.523000 0.345333 0.007000 0.017333
0 0.528250 0.346333 0.005500 0.010000
0 0.477500 0.459000 0.007000 0.008667
0 0.455500 0.495333 0.010000 0.010667
0 0.391750 0.613000 0.009500 0.010000
0 0.497500 0.547667 0.005000 0.010000
0 0.525250 0.466667 0.009500 0.010667
1 0.538250 0.020667 0.028500 0.041333
0 0.690750 0.423333 0.011500 0.009333
0 0.690000 0.432000 0.011000 0.008000
0 0.710500 0.413333 0.006000 0.013333
0 0.731000 0.380000 0.019000 0.013333
0 0.752500 0.412000 0.012000 0.012000
0 0.717250 0.436000 0.011500 0.008000
0 0.704750 0.442000 0.011500 0.008000
0 0.619250 0.601000 0.010500 0.011333
0 0.650750 0.596333 0.010500 0.011333
0 0.728250 0.599667 0.013500 0.011333
0 0.773250 0.620333 0.010500 0.012667
2 0.843250 0.548333 0.010500 0.024667
0 0.831250 0.591667 0.013500 0.012667
0 0.833250 0.612667 0.007500 0.005333
0 0.850500 0.622333 0.011000 0.012667
0 0.829000 0.633667 0.013000 0.011333
0 0.811750 0.694333 0.013500 0.016667
2 0.738000 0.761000 0.011000 0.030000
0 0.836750 0.852667 0.018500 0.017333
2 0.840000 0.780667 0.013000 0.038667
0 0.839500 0.782333 0.016000 0.018000
2 0.853250 0.721667 0.009500 0.032667
2 0.658250 0.664667 0.014500 0.010667
0 0.676500 0.860000 0.006000 0.008000
0 0.476000 0.563000 0.005000 0.008667
0 0.479000 0.535333 0.005000 0.010667
0 0.562250 0.884667 0.007500 0.022667
0 0.596750 0.932333 0.007500 0.016667
0 0.534000 0.936333 0.008000 0.023333
0 0.843500 0.933667 0.012000 0.022000
0 0.835000 0.931000 0.014000 0.015333
2 0.878000 0.959667 0.023000 0.023333
0 0.837000 0.959000 0.013000 0.016667
0 0.841750 0.987667 0.009500 0.007333
0 0.833500 0.992333 0.006000 0.010000
0 0.839500 0.980000 0.012000 0.013333
0 0.514500 0.937667 0.009000 0.012667
2 0.397000 0.814667 0.009000 0.033333
2 0.385250 0.826000 0.011500 0.034667
2 0.364000 0.813000 0.008000 0.028667
2 0.351250 0.820667 0.008500 0.028000
2 0.341250 0.820000 0.009500 0.030667
2 0.329000 0.816667 0.009000 0.038667
2 0.321750 0.817000 0.010500 0.035333
2 0.309500 0.826667 0.006000 0.028000
2 0.305500 0.767000 0.012000 0.031333
2 0.291750 0.786333 0.006500 0.026000
2 0.279000 0.785000 0.014000 0.024667
2 0.281500 0.853667 0.018000 0.019333
2 0.245500 0.805333 0.019000 0.013333
2 0.255500 0.787333 0.011000 0.017333
0 0.215750 0.846667 0.006500 0.009333
0 0.315500 0.944333 0.011000 0.024667
0 0.309500 0.957000 0.013000 0.027333
0 0.307750 0.985333 0.017500 0.024000
