1 0.855714 0.656667 0.045714 0.027619
1 0.840000 0.626190 0.048571 0.031429
1 0.471786 0.427619 0.013571 0.026667
1 0.564286 0.389524 0.014286 0.024762
1 0.505714 0.249524 0.011429 0.017143
1 0.513214 0.184762 0.007857 0.011429
1 0.503929 0.164762 0.007857 0.011429
1 0.505714 0.158095 0.012857 0.009524
1 0.515357 0.110000 0.010714 0.008571
1 0.524643 0.072381 0.009286 0.007619
1 0.527143 0.078571 0.011429 0.006667
1 0.528214 0.081905 0.009286 0.007619
1 0.542857 0.074762 0.005714 0.006667
1 0.539286 0.065714 0.005714 0.007619
1 0.528571 0.048095 0.004286 0.006667
1 0.480357 0.095714 0.005000 0.008571
1 0.315714 0.263333 0.020000 0.014286
1 0.332500 0.236667 0.020714 0.014286
1 0.335000 0.230476 0.022857 0.011429
1 0.337143 0.223333 0.022857 0.012381
1 0.332857 0.217619 0.022857 0.010476
1 0.338571 0.212381 0.020000 0.009524
1 0.205357 0.337143 0.020714 0.024762
1 0.184643 0.330952 0.020714 0.018095
1 0.125000 0.318095 0.024286 0.015238
1 0.133571 0.339524 0.014286 0.020000
1 0.071786 0.445714 0.039286 0.019048
1 0.091071 0.414762 0.032143 0.016190
1 0.082500 0.427619 0.037857 0.017143
0 0.167143 0.361429 0.007143 0.016190
2 0.514286 0.835714 0.011429 0.031429
2 0.475000 0.642381 0.005714 0.023810
2 0.493214 0.627619 0.009286 0.020952
0 0.459286 0.104762 0.002857 0.007619
0 0.467857 0.122857 0.004286 0.009524
0 0.480357 0.080476 0.003571 0.006667
