1 0.317143 0.922381 0.061429 0.046667
1 0.383929 0.905238 0.056429 0.042857
1 0.446429 0.900000 0.057143 0.045714
1 0.295000 0.762381 0.060000 0.040952
1 0.367143 0.745238 0.060000 0.042857
1 0.429286 0.727619 0.057143 0.043810
1 0.621071 0.851905 0.053571 0.042857
1 0.446786 0.381429 0.025000 0.058095
1 0.460357 0.476190 0.025000 0.059048
1 0.514286 0.543810 0.025714 0.068571
1 0.498214 0.265714 0.025000 0.059048
1 0.488929 0.203333 0.025000 0.058095
1 0.425357 0.143333 0.025000 0.054286
1 0.481786 0.153810 0.023571 0.042857
1 0.417857 0.090952 0.021429 0.048571
1 0.468214 0.053333 0.017857 0.040000
1 0.485714 0.454286 0.022857 0.070476
2 0.613214 0.728571 0.025000 0.020952
2 0.661786 0.673333 0.013571 0.026667
2 0.675714 0.672857 0.015714 0.029524
2 0.695714 0.670000 0.020000 0.029524
2 0.717500 0.661905 0.019286 0.028571
2 0.763571 0.657143 0.027143 0.019048
2 0.571786 0.695714 0.020714 0.023810
2 0.532857 0.644286 0.017143 0.031429
2 0.545357 0.580476 0.020714 0.016190
2 0.543214 0.559524 0.019286 0.018095
2 0.502500 0.592857 0.013571 0.023810
2 0.496429 0.555714 0.010000 0.027619
2 0.487500 0.535238 0.009286 0.026667
2 0.507143 0.485238 0.008571 0.029524
2 0.504643 0.455238 0.009286 0.028571
2 0.500357 0.414762 0.007857 0.025714
2 0.471786 0.406190 0.009286 0.025714
2 0.498214 0.517619 0.007857 0.031429
2 0.502500 0.616667 0.013571 0.021905
2 0.442857 0.043810 0.008571 0.022857
2 0.454286 0.121429 0.008571 0.021905
2 0.476429 0.106667 0.018571 0.015238
2 0.478929 0.123333 0.017857 0.016190
0 0.480714 0.287619 0.007143 0.017143
0 0.485714 0.325238 0.007143 0.023810
0 0.435714 0.484286 0.007143 0.018095
0 0.436786 0.542857 0.006429 0.017143
0 0.454643 0.622381 0.007857 0.021905
0 0.579286 0.635238 0.007143 0.011429
0 0.573929 0.621905 0.005000 0.015238
0 0.579286 0.611905 0.005714 0.016190
2 0.539643 0.538095 0.017857 0.017143
2 0.536071 0.509048 0.016429 0.014286
2 0.392500 0.785238 0.025000 0.014286
