1 0.307250 0.368667 0.008500 0.009333
1 0.446000 0.365000 0.003000 0.006000
2 0.064750 0.575333 0.019500 0.014667
1 0.255250 0.456667 0.016500 0.024000
1 0.312000 0.470000 0.022000 0.020000
1 0.293500 0.489000 0.029000 0.020667
1 0.399750 0.471000 0.021500 0.018000
1 0.429750 0.487667 0.029500 0.020667
1 0.452500 0.467000 0.029000 0.019333
1 0.469500 0.462667 0.025000 0.017333
1 0.620750 0.489000 0.035500 0.019333
1 0.954750 0.543000 0.048500 0.026000
1 0.937250 0.548333 0.050500 0.026000
1 0.716750 0.550667 0.026500 0.025333
1 0.326500 0.616000 0.037000 0.032000
1 0.218000 0.622333 0.052000 0.035333
0 0.342000 0.427333 0.003000 0.010667
0 0.335750 0.432000 0.003500 0.012000
1 0.978250 0.918000 0.043500 0.072000
