1 0.660000 0.930952 0.038571 0.100000
1 0.532857 0.337619 0.014286 0.018095
1 0.510000 0.200000 0.007143 0.007619
1 0.629643 0.205238 0.010714 0.008571
1 0.641071 0.203333 0.010714 0.010476
1 0.663929 0.250476 0.022143 0.011429
1 0.667857 0.293333 0.014286 0.030476
1 0.635714 0.291905 0.022857 0.014286
1 0.631071 0.269048 0.022143 0.014286
1 0.480357 0.136190 0.005000 0.005714
1 0.474286 0.120952 0.004286 0.005714
0 0.391429 0.579048 0.004286 0.015238
1 0.785000 0.387619 0.027143 0.015238
1 0.700714 0.307619 0.012857 0.019048
1 0.447857 0.181905 0.001429 0.007619
1 0.450714 0.182381 0.002857 0.006667
0 0.911786 0.716190 0.012143 0.022857
0 0.923929 0.706667 0.016429 0.024762
