2 0.516500 0.727000 0.022000 0.071333
0 0.459250 0.648333 0.017500 0.040667
0 0.477500 0.652667 0.023000 0.036000
1 0.496000 0.570000 0.055000 0.116000
0 0.481500 0.473000 0.013000 0.044667
0 0.620500 0.435000 0.013000 0.043333
0 0.618500 0.424000 0.013000 0.038667
1 0.426750 0.380333 0.043500 0.062000
0 0.493250 0.347333 0.007500 0.024000
1 0.500500 0.309667 0.028000 0.042000
0 0.436500 0.288000 0.008000 0.030667
0 0.444500 0.286667 0.011000 0.030667
1 0.501750 0.277000 0.024500 0.036667
2 0.564000 0.308667 0.009000 0.024000
2 0.552500 0.292667 0.008000 0.024000
1 0.582000 0.267667 0.033000 0.030000
0 0.508250 0.251333 0.006500 0.025333
2 0.558000 0.250000 0.009000 0.020000
0 0.581000 0.219000 0.007000 0.023333
0 0.552250 0.196333 0.005500 0.022000
2 0.506750 0.229000 0.007500 0.016667
1 0.521750 0.181333 0.016500 0.021333
0 0.507000 0.161333 0.004000 0.016000
2 0.541250 0.179000 0.006500 0.015333
0 0.557750 0.169333 0.005500 0.018667
1 0.545500 0.162000 0.019000 0.018667
1 0.421000 0.152000 0.026000 0.012000
1 0.434500 0.148000 0.028000 0.014667
1 0.450250 0.143667 0.023500 0.015333
1 0.510500 0.130000 0.011000 0.013333
