0 0.746250 0.953667 0.018500 0.052667
2 0.701250 0.929000 0.042500 0.036667
0 0.616250 0.981000 0.014500 0.038000
0 0.597500 0.978667 0.018000 0.042667
0 0.591750 0.991667 0.011500 0.016667
0 0.607250 0.818000 0.011500 0.049333
1 0.571750 0.778333 0.094500 0.062000
1 0.517750 0.720000 0.077500 0.080000
1 0.616500 0.651667 0.065000 0.055333
1 0.671250 0.608667 0.052500 0.045333
2 0.498500 0.863333 0.022000 0.050667
2 0.456000 0.852333 0.022000 0.040667
1 0.625000 0.540667 0.047000 0.041333
1 0.669750 0.520667 0.050500 0.036000
2 0.393500 0.592667 0.013000 0.026667
1 0.344000 0.625000 0.046000 0.058000
0 0.305500 0.767000 0.014000 0.036667
2 0.089000 0.855333 0.016000 0.038667
0 0.080500 0.759000 0.016000 0.036667
0 0.099500 0.583000 0.011000 0.028667
0 0.091500 0.645333 0.013000 0.033333
0 0.130000 0.552667 0.009000 0.024000
0 0.110000 0.552333 0.010000 0.027333
0 0.131000 0.509000 0.008000 0.023333
0 0.131750 0.491667 0.008500 0.023333
0 0.119250 0.471000 0.006500 0.020667
0 0.102000 0.470333 0.010000 0.022000
0 0.062500 0.451000 0.008000 0.019333
0 0.067250 0.451333 0.005500 0.016000
0 0.096000 0.442333 0.007000 0.019333
0 0.041000 0.437000 0.009000 0.018000
0 0.173750 0.619333 0.009500 0.028000
0 0.196250 0.616667 0.011500 0.029333
0 0.159750 0.570667 0.011500 0.029333
0 0.151000 0.536333 0.008000 0.023333
0 0.141500 0.518667 0.007000 0.021333
0 0.142000 0.509333 0.011000 0.022667
0 0.154500 0.516333 0.007000 0.022000
0 0.144000 0.466333 0.010000 0.024667
0 0.075750 0.566667 0.009500 0.026667
0 0.084250 0.525667 0.013500 0.020667
0 0.064500 0.498667 0.008000 0.020000
0 0.054750 0.500667 0.008500 0.024000
0 0.064750 0.442000 0.007500 0.020000
0 0.104250 0.441667 0.006500 0.020667
2 0.081500 0.530333 0.008000 0.022000
1 0.109500 0.464000 0.050000 0.026667
1 0.115250 0.453000 0.043500 0.024667
1 0.073000 0.485333 0.040000 0.025333
1 0.102250 0.533333 0.026500 0.034667
1 0.096750 0.505667 0.031500 0.034000
