1 0.836429 0.974286 0.091429 0.051429
1 0.802143 0.927143 0.092857 0.094286
1 0.766071 0.868095 0.082143 0.077143
1 0.717857 0.769048 0.081429 0.063810
1 0.689643 0.721905 0.075000 0.066667
1 0.666071 0.680952 0.073571 0.064762
2 0.676786 0.642381 0.029286 0.025714
1 0.630000 0.586190 0.070000 0.050476
0 0.680714 0.600476 0.014286 0.029524
0 0.702857 0.602381 0.011429 0.031429
0 0.691429 0.590952 0.010000 0.031429
0 0.706786 0.583333 0.010714 0.029524
0 0.693929 0.573333 0.010714 0.032381
0 0.606429 0.533333 0.008571 0.034286
0 0.616429 0.535714 0.010000 0.029524
2 0.625357 0.545238 0.023571 0.027619
0 0.452143 0.521429 0.010000 0.025714
0 0.447143 0.516667 0.007143 0.027619
0 0.445357 0.509048 0.009286 0.027619
1 0.493929 0.488571 0.063571 0.049524
2 0.553929 0.484762 0.027857 0.017143
1 0.553214 0.466190 0.059286 0.040952
1 0.524643 0.419524 0.062143 0.037143
1 0.516071 0.398571 0.059286 0.039048
2 0.517500 0.344762 0.016429 0.022857
0 0.551429 0.321905 0.007143 0.019048
0 0.477857 0.257143 0.008571 0.024762
0 0.487857 0.251429 0.005714 0.024762
0 0.510000 0.257143 0.007143 0.022857
1 0.440714 0.259524 0.042857 0.029524
1 0.433571 0.244286 0.044286 0.023810
1 0.394643 0.177619 0.040714 0.023810
1 0.395357 0.153810 0.036429 0.035238
1 0.393214 0.072857 0.032143 0.020000
1 0.389286 0.063333 0.031429 0.020000
1 0.346786 0.099048 0.019286 0.026667
1 0.337500 0.084762 0.015000 0.020952
1 0.466429 0.808095 0.064286 0.117143
2 0.466786 0.642857 0.016429 0.043810
2 0.436071 0.600476 0.015000 0.037143
0 0.029643 0.929048 0.022143 0.035238
0 0.035357 0.902381 0.019286 0.035238
0 0.048571 0.904762 0.021429 0.038095
0 0.055000 0.879048 0.018571 0.032381
2 0.063571 0.882381 0.021429 0.044762
1 0.094643 0.897619 0.050714 0.126667
1 0.146786 0.858095 0.050714 0.118095
2 0.124643 0.805714 0.013571 0.036190
0 0.107857 0.717619 0.017143 0.035238
0 0.109286 0.704762 0.017143 0.038095
0 0.110000 0.510476 0.014286 0.032381
0 0.005714 0.523333 0.011429 0.027619
0 0.114643 0.419524 0.015000 0.027619
0 0.017857 0.251429 0.012857 0.022857
2 0.143214 0.361905 0.020714 0.015238
1 0.143571 0.326667 0.028571 0.043810
1 0.217143 0.037619 0.012857 0.023810
1 0.240357 0.049048 0.015000 0.020000
1 0.234286 0.018571 0.015714 0.020000
