0 0.024286 0.721429 0.021429 0.021905
0 0.044643 0.703333 0.020714 0.016190
0 0.017143 0.694762 0.022857 0.018095
2 0.205000 0.985238 0.031429 0.029524
2 0.217857 0.941905 0.027143 0.020952
2 0.222143 0.920952 0.027143 0.017143
2 0.224286 0.888571 0.028571 0.015238
2 0.224643 0.869524 0.030714 0.022857
2 0.216786 0.836667 0.027857 0.018095
2 0.217500 0.853333 0.026429 0.022857
2 0.188214 0.803810 0.032143 0.019048
2 0.217143 0.797619 0.025714 0.027619
2 0.208929 0.781429 0.023571 0.025714
2 0.205000 0.768095 0.028571 0.018095
2 0.278929 0.840476 0.029286 0.012381
2 0.282143 0.829048 0.032857 0.016190
2 0.437857 0.952381 0.034286 0.055238
2 0.322500 0.656667 0.022143 0.039048
1 0.527857 0.955238 0.061429 0.081905
1 0.595357 0.982381 0.053571 0.035238
2 0.693571 0.946667 0.017143 0.032381
2 0.646786 0.812857 0.020714 0.037143
1 0.795357 0.874762 0.062143 0.090476
1 0.888214 0.668571 0.065000 0.083810
1 0.910000 0.696190 0.064286 0.083810
2 0.786429 0.517619 0.032857 0.014286
1 0.934286 0.407619 0.080000 0.076190
1 0.861786 0.190476 0.066429 0.072381
0 0.721429 0.047143 0.014286 0.027619
2 0.555357 0.754762 0.023571 0.031429
2 0.626786 0.595238 0.019286 0.038095
2 0.665357 0.578571 0.032143 0.039048
2 0.468214 0.445714 0.016429 0.038095
1 0.416429 0.448095 0.035714 0.096190
2 0.587857 0.336667 0.018571 0.037143
2 0.438214 0.168095 0.023571 0.044762
0 0.167857 0.207619 0.024286 0.030476
1 0.183571 0.131905 0.038571 0.069524
0 0.088929 0.155714 0.020714 0.021905
0 0.073571 0.150476 0.015714 0.020952
0 0.058929 0.168095 0.016429 0.020000
0 0.050000 0.152381 0.015714 0.013333
0 0.041429 0.167143 0.017143 0.020000
0 0.052143 0.133333 0.020000 0.017143
0 0.053571 0.118095 0.012857 0.022857
2 0.038571 0.036190 0.034286 0.026667
0 0.027500 0.059048 0.020714 0.022857
0 0.015000 0.070000 0.025714 0.025714
0 0.035714 0.147143 0.017143 0.020000
1 0.785000 0.979048 0.050000 0.041905
