1 0.612143 0.530476 0.057143 0.049524
1 0.526071 0.398095 0.062143 0.038095
0 0.537143 0.491905 0.010000 0.012381
0 0.548214 0.487619 0.007857 0.007619
0 0.461429 0.430952 0.010000 0.010476
0 0.467143 0.425714 0.008571 0.013333
1 0.505714 0.350952 0.062857 0.040952
1 0.490357 0.302381 0.063571 0.044762
2 0.482500 0.260952 0.019286 0.019048
2 0.425357 0.234286 0.016429 0.024762
1 0.406071 0.170000 0.059286 0.061905
2 0.315357 0.166190 0.020714 0.025714
1 0.387500 0.132857 0.062143 0.060000
1 0.306071 0.015714 0.053571 0.031429
2 0.156786 0.018571 0.016429 0.037143
