1 0.043929 0.040952 0.027857 0.015238
1 0.072857 0.020952 0.020000 0.019048
1 0.110000 0.045714 0.028571 0.017143
1 0.159286 0.089524 0.027143 0.017143
1 0.177500 0.049524 0.032143 0.017143
1 0.225357 0.091429 0.032143 0.019048
1 0.152857 0.027143 0.020000 0.020000
1 0.170714 0.029524 0.020000 0.017143
1 0.225357 0.032381 0.023571 0.017143
1 0.241071 0.032857 0.017857 0.018095
1 0.260357 0.024762 0.017857 0.022857
2 0.215714 0.047143 0.008571 0.010476
2 0.226786 0.047143 0.010714 0.008571
2 0.229643 0.043810 0.010714 0.009524
2 0.266429 0.064762 0.014286 0.009524
1 0.414286 0.004762 0.021429 0.009524
1 0.484643 0.008571 0.015000 0.017143
1 0.606429 0.006190 0.012857 0.012381
2 0.590000 0.020000 0.004286 0.011429
2 0.537857 0.030000 0.005714 0.012381
2 0.533929 0.037619 0.005000 0.014286
2 0.493214 0.054762 0.005000 0.014286
2 0.482500 0.073810 0.005000 0.012381
2 0.323929 0.509524 0.013571 0.032381
2 0.293214 0.572857 0.015000 0.035238
2 0.256429 0.649048 0.015714 0.042857
1 0.331786 0.636190 0.033571 0.078095
1 0.443571 0.568095 0.035714 0.065714
1 0.310000 0.754762 0.047143 0.094286
1 0.330714 0.922857 0.054286 0.114286
1 0.265714 0.872857 0.058571 0.113333
1 0.138571 0.684286 0.074286 0.067619
1 0.023571 0.775714 0.047143 0.050476
2 0.646429 0.810952 0.015714 0.042857
2 0.658214 0.606667 0.010714 0.028571
2 0.640714 0.569048 0.008571 0.029524
2 0.597857 0.619524 0.010000 0.029524
2 0.486786 0.640000 0.010714 0.028571
0 0.698929 0.480476 0.007857 0.023810
1 0.630714 0.380000 0.020000 0.043810
1 0.622143 0.319524 0.021429 0.035238
0 0.705714 0.262857 0.005714 0.020952
1 0.589286 0.211905 0.018571 0.027619
1 0.597500 0.158095 0.017857 0.024762
1 0.648571 0.160476 0.017143 0.025714
1 0.610714 0.101905 0.014286 0.024762
1 0.624643 0.044286 0.015000 0.020000
1 0.633571 0.007143 0.012857 0.014286
1 0.779643 0.057619 0.030714 0.016190
1 0.757143 0.049048 0.010000 0.021905
1 0.763214 0.113810 0.013571 0.018095
1 0.798214 0.101905 0.023571 0.013333
1 0.802857 0.130476 0.025714 0.017143
1 0.791786 0.157619 0.013571 0.020000
1 0.807857 0.159524 0.011429 0.018095
1 0.858571 0.172857 0.035714 0.035238
1 0.887857 0.177143 0.035714 0.030476
1 0.921071 0.181905 0.037857 0.022857
1 0.752143 0.607143 0.028571 0.060000
2 0.784286 0.707143 0.027143 0.023810
