1 0.310714 0.094286 0.025714 0.040000
0 0.328214 0.101905 0.009286 0.022857
0 0.351429 0.265714 0.008571 0.020952
0 0.350714 0.278095 0.007143 0.013333
0 0.328929 0.571905 0.007857 0.016190
0 0.238214 0.544762 0.013571 0.015238
0 0.225357 0.531905 0.013571 0.016190
0 0.229286 0.516667 0.011429 0.016190
0 0.240357 0.515714 0.012143 0.016190
2 0.356429 0.497619 0.025714 0.014286
2 0.362500 0.476667 0.026429 0.014286
1 0.381786 0.206190 0.025000 0.054286
0 0.577500 0.851429 0.010714 0.019048
0 0.587500 0.840000 0.007857 0.015238
1 0.682500 0.643810 0.036429 0.080000
1 0.718214 0.634762 0.042143 0.075238
1 0.632143 0.439048 0.035714 0.064762
1 0.662857 0.433810 0.035714 0.061905
1 0.881786 0.396667 0.043571 0.063810
1 0.863571 0.298571 0.040000 0.050476
1 0.956786 0.269524 0.053571 0.041905
1 0.976429 0.299048 0.047143 0.040000
0 0.389286 0.305714 0.008571 0.019048
0 0.394286 0.289048 0.007143 0.020000
0 0.395714 0.271905 0.007143 0.018095
0 0.419643 0.452857 0.007857 0.020000
2 0.591429 0.376667 0.012857 0.027619
2 0.629286 0.361429 0.007143 0.027619
2 0.486429 0.417143 0.008571 0.028571
2 0.483214 0.461905 0.020714 0.019048
2 0.499286 0.461429 0.012857 0.025714
2 0.549643 0.416667 0.006429 0.031429
2 0.531071 0.415714 0.013571 0.025714
0 0.431786 0.376667 0.006429 0.018095
2 0.477143 0.441429 0.020000 0.018095
2 0.468929 0.415238 0.019286 0.015238
0 0.277500 0.912381 0.013571 0.017143
2 0.379286 0.033810 0.020000 0.018095
