1 0.194643 0.099524 0.007857 0.008571
1 0.202857 0.069048 0.005714 0.006667
2 0.199643 0.105238 0.003571 0.008571
1 0.244643 0.226667 0.015000 0.009524
1 0.312500 0.135714 0.007857 0.010476
1 0.295000 0.035238 0.004286 0.005714
1 0.340357 0.045714 0.003571 0.003810
1 0.332857 0.044762 0.004286 0.003810
0 0.250357 0.905714 0.009286 0.020952
1 0.278214 0.894762 0.032143 0.071429
1 0.385714 0.140952 0.007143 0.009524
2 0.400000 0.136667 0.002857 0.002857
1 0.389286 0.249048 0.011429 0.016190
1 0.477500 0.192857 0.005000 0.006667
2 0.663214 0.417143 0.009286 0.013333
1 0.427143 0.338571 0.015714 0.021905
1 0.447143 0.156667 0.015714 0.008571
