1 0.297500 0.877143 0.025000 0.020952
1 0.308214 0.812857 0.019286 0.012381
1 0.314643 0.774762 0.020714 0.014286
1 0.316429 0.761905 0.022857 0.015238
1 0.315714 0.750000 0.022857 0.012381
1 0.313571 0.738095 0.021429 0.011429
1 0.266786 0.810000 0.012143 0.031429
1 0.257857 0.771905 0.010000 0.029524
1 0.251429 0.669048 0.020000 0.012381
1 0.272857 0.651429 0.008571 0.020952
1 0.222500 0.653333 0.010714 0.022857
1 0.322857 0.408571 0.012857 0.007619
1 0.321071 0.403333 0.013571 0.010476
1 0.322143 0.398095 0.012857 0.007619
1 0.322143 0.388095 0.010000 0.008571
1 0.321071 0.324286 0.010714 0.008571
1 0.295357 0.179524 0.003571 0.006667
1 0.280357 0.161905 0.003571 0.005714
1 0.301071 0.093333 0.003571 0.005714
1 0.300714 0.140952 0.002857 0.005714
1 0.300000 0.146190 0.004286 0.004762
1 0.297500 0.150000 0.003571 0.004762
2 0.293929 0.128571 0.002143 0.003810
2 0.290357 0.139048 0.003571 0.005714
2 0.296429 0.165714 0.002857 0.003810
1 0.505714 0.142857 0.005714 0.005714
1 0.500714 0.131905 0.004286 0.006667
1 0.501786 0.124762 0.003571 0.007619
1 0.426786 0.143333 0.003571 0.006667
1 0.433214 0.146190 0.005000 0.006667
1 0.783571 0.106190 0.004286 0.004762
1 0.780357 0.101905 0.003571 0.003810
