1 0.019643 0.423333 0.022143 0.016190
1 0.048571 0.415714 0.024286 0.014286
1 0.080000 0.406667 0.020000 0.015238
1 0.025357 0.495714 0.016429 0.031429
1 0.051429 0.533333 0.014286 0.030476
1 0.048571 0.494286 0.017143 0.028571
1 0.210357 0.365714 0.022143 0.019048
1 0.308929 0.330952 0.020714 0.016190
1 0.367143 0.313810 0.021429 0.014286
1 0.397500 0.430952 0.010714 0.025714
0 0.086071 0.428571 0.007857 0.005714
0 0.085714 0.425238 0.007143 0.004762
0 0.138214 0.397619 0.006429 0.006667
0 0.095000 0.417143 0.008571 0.005714
0 0.292500 0.339524 0.005000 0.004762
2 0.276786 0.361429 0.007857 0.006667
2 0.454286 0.343810 0.010000 0.005714
1 0.427500 0.475238 0.012143 0.030476
1 0.470357 0.496190 0.010714 0.028571
1 0.468929 0.532857 0.009286 0.029524
1 0.471429 0.583810 0.010000 0.028571
1 0.513214 0.638571 0.009286 0.029524
1 0.387500 0.651905 0.019286 0.012381
1 0.413929 0.649524 0.022143 0.013333
1 0.318571 0.698571 0.021429 0.012381
1 0.393929 0.681429 0.012143 0.027619
1 0.432500 0.723810 0.012143 0.028571
1 0.375357 0.857143 0.015000 0.030476
1 0.386786 0.848571 0.016429 0.028571
1 0.398214 0.841905 0.015000 0.028571
1 0.409286 0.832857 0.014286 0.027619
1 0.356071 0.902857 0.020714 0.020952
1 0.383929 0.945238 0.013571 0.025714
1 0.417500 0.917143 0.012143 0.028571
1 0.427857 0.906667 0.012857 0.028571
1 0.456429 0.893810 0.010000 0.027619
1 0.984643 0.882381 0.013571 0.031429
1 0.995357 0.890952 0.009286 0.031429
1 0.575000 0.463810 0.011429 0.030476
1 0.730714 0.517619 0.021429 0.012381
1 0.787500 0.415238 0.020714 0.015238
1 0.440714 0.221905 0.014286 0.028571
1 0.399286 0.014286 0.021429 0.015238
