0 0.364000 0.972667 0.053000 0.054667
0 0.520250 0.574333 0.030500 0.082000
0 0.481500 0.543667 0.029000 0.078000
0 0.455500 0.532000 0.021000 0.068000
0 0.431500 0.557333 0.024000 0.072000
0 0.410500 0.306000 0.013000 0.045333
0 0.428500 0.300000 0.016000 0.060000
0 0.305500 0.310000 0.027000 0.058667
0 0.374250 0.372000 0.019500 0.068000
2 0.469500 0.263667 0.015000 0.043333
0 0.395750 0.029000 0.010500 0.042000
0 0.544000 0.113333 0.014000 0.052000
0 0.576000 0.131333 0.009000 0.053333
0 0.206250 0.019333 0.015500 0.037333
1 0.160000 0.033333 0.073000 0.041333
1 0.070250 0.039333 0.076500 0.041333
