1 0.526786 0.170000 0.005000 0.006667
1 0.574286 0.156190 0.005714 0.005714
1 0.564286 0.163810 0.005714 0.005714
1 0.632500 0.109048 0.003571 0.004762
0 0.458571 0.340952 0.002857 0.013333
2 0.454286 0.373810 0.005714 0.008571
2 0.449643 0.432381 0.005000 0.011429
1 0.334286 0.207143 0.007143 0.008571
1 0.328929 0.214286 0.007857 0.007619
1 0.298929 0.272381 0.010714 0.013333
1 0.289643 0.283333 0.012143 0.014286
1 0.322857 0.221429 0.008571 0.012381
1 0.745357 0.453333 0.027857 0.022857
1 0.744286 0.374762 0.017143 0.023810
1 0.700000 0.368571 0.024286 0.017143
1 0.715714 0.404286 0.022857 0.020000
1 0.725000 0.419524 0.027143 0.016190
1 0.734286 0.435238 0.025714 0.017143
1 0.680714 0.332381 0.021429 0.013333
1 0.683571 0.341429 0.020000 0.010476
1 0.664286 0.305238 0.015714 0.014286
1 0.660714 0.296667 0.011429 0.012381
1 0.720714 0.340476 0.014286 0.016190
1 0.897143 0.654762 0.040000 0.054286
