1 0.133000 0.606667 0.111000 0.093333
0 0.215500 0.559000 0.022000 0.039333
0 0.302500 0.784000 0.020000 0.033333
0 0.323500 0.817333 0.029000 0.034667
2 0.308000 0.860000 0.049000 0.042667
1 0.243500 0.727000 0.067000 0.155333
1 0.595750 0.851333 0.143500 0.121333
0 0.797750 0.763333 0.031500 0.033333
0 0.751000 0.834667 0.025000 0.040000
2 0.719750 0.814667 0.023500 0.065333
0 0.730750 0.736667 0.024500 0.026667
0 0.738500 0.718667 0.025000 0.029333
0 0.706500 0.643000 0.030000 0.039333
0 0.543250 0.705333 0.015500 0.033333
2 0.552250 0.732667 0.042500 0.050667
1 0.374500 0.781667 0.124000 0.100667
2 0.433250 0.743667 0.037500 0.051333
0 0.490000 0.687333 0.016000 0.033333
0 0.475500 0.654000 0.018000 0.038667
1 0.351000 0.486667 0.075000 0.101333
1 0.415250 0.362000 0.053500 0.072000
1 0.491500 0.297333 0.078000 0.046667
0 0.495500 0.264333 0.010000 0.034000
1 0.478000 0.237333 0.047000 0.057333
2 0.444250 0.229000 0.018500 0.027333
2 0.583000 0.259333 0.012000 0.029333
2 0.578000 0.236667 0.014000 0.036000
2 0.608000 0.181667 0.016000 0.028667
0 0.591750 0.174667 0.006500 0.017333
0 0.587250 0.168000 0.007500 0.024000
2 0.610250 0.121333 0.014500 0.028000
1 0.505250 0.182333 0.040500 0.056667
0 0.469000 0.128000 0.009000 0.032000
0 0.489750 0.117667 0.009500 0.030000
0 0.483750 0.113333 0.007500 0.029333
1 0.593250 0.080000 0.027500 0.041333
