1 0.329750 0.514333 0.092500 0.104667
0 0.406000 0.848333 0.022000 0.031333
0 0.188500 0.816667 0.022000 0.045333
0 0.199250 0.697000 0.017500 0.036667
0 0.212000 0.703333 0.018000 0.029333
1 0.718000 0.940667 0.075000 0.118667
1 0.682250 0.710333 0.062500 0.146000
1 0.967750 0.925333 0.064500 0.098667
1 0.945000 0.801333 0.110000 0.081333
1 0.936000 0.696667 0.128000 0.069333
1 0.640500 0.499667 0.052000 0.111333
1 0.615250 0.383333 0.049500 0.082667
1 0.599750 0.250000 0.030500 0.053333
1 0.348250 0.262333 0.072500 0.047333
1 0.574500 0.144667 0.028000 0.042667
1 0.565500 0.095667 0.025000 0.034000
1 0.368250 0.151333 0.064500 0.036000
1 0.370250 0.126667 0.061500 0.033333
1 0.388250 0.075333 0.056500 0.037333
0 0.368000 0.086333 0.007000 0.026000
1 0.378250 0.033667 0.045500 0.026000
1 0.392500 0.024667 0.044000 0.028000
1 0.404500 0.014000 0.046000 0.026667
