2 0.203929 0.905238 0.019286 0.033333
1 0.575000 0.322857 0.022857 0.034286
2 0.529286 0.680952 0.011429 0.015238
2 0.555714 0.628095 0.012857 0.023810
2 0.608214 0.446190 0.012143 0.012381
2 0.609643 0.473333 0.010714 0.017143
2 0.661071 0.413810 0.007857 0.010476
2 0.688214 0.341429 0.006429 0.014286
2 0.670000 0.344762 0.007143 0.013333
1 0.611429 0.271429 0.017143 0.022857
1 0.645357 0.225714 0.016429 0.019048
2 0.704286 0.161429 0.004286 0.006667
2 0.679286 0.188095 0.004286 0.008571
2 0.620000 0.253333 0.005714 0.007619
0 0.632857 0.160476 0.002857 0.010476
1 0.645000 0.151429 0.011429 0.015238
1 0.671786 0.140000 0.010714 0.013333
0 0.695714 0.152857 0.004286 0.010476
0 0.692143 0.152381 0.002857 0.011429
0 0.689643 0.158095 0.002143 0.009524
0 0.687500 0.162381 0.003571 0.010476
0 0.680714 0.150952 0.004286 0.010476
1 0.667143 0.130000 0.012857 0.016190
1 0.725714 0.110000 0.008571 0.012381
2 0.796429 0.111429 0.004286 0.009524
0 0.723214 0.090000 0.002143 0.008571
1 0.852500 0.118095 0.010714 0.011429
1 0.862857 0.088571 0.014286 0.007619
1 0.865357 0.080952 0.013571 0.005714
0 0.777143 0.183810 0.004286 0.013333
1 0.957500 0.130952 0.020714 0.012381
