1 0.103250 0.028667 0.035500 0.034667
1 0.081500 0.064000 0.044000 0.045333
1 0.063500 0.098667 0.045000 0.041333
1 0.021750 0.127333 0.043500 0.052000
2 0.154000 0.011333 0.009000 0.020000
1 0.195000 0.019333 0.027000 0.038667
0 0.089000 0.163333 0.020000 0.041333
0 0.143000 0.055333 0.010000 0.032000
0 0.159250 0.054000 0.007500 0.029333
0 0.169250 0.051667 0.010500 0.031333
0 0.157000 0.058333 0.012000 0.031333
1 0.183500 0.108667 0.080000 0.037333
1 0.185250 0.136000 0.082500 0.044000
1 0.181000 0.158333 0.082000 0.044667
1 0.248500 0.092333 0.080000 0.044667
1 0.176500 0.210333 0.111000 0.063333
0 0.015000 0.296000 0.027000 0.052000
0 0.015750 0.285000 0.023500 0.048667
0 0.058000 0.301667 0.027000 0.054000
0 0.153250 0.325667 0.024500 0.056667
0 0.187250 0.510333 0.030500 0.058000
0 0.198750 0.539333 0.027500 0.048000
0 0.203750 0.585000 0.031500 0.066000
0 0.231250 0.838667 0.050500 0.070667
0 0.373500 0.917000 0.018000 0.040667
0 0.438000 0.981000 0.021000 0.036667
0 0.490250 0.985000 0.026500 0.028667
2 0.463250 0.880667 0.035500 0.102667
0 0.478000 0.801333 0.021000 0.045333
0 0.514750 0.834000 0.019500 0.044000
2 0.378250 0.840333 0.054500 0.091333
0 0.347500 0.828333 0.031000 0.075333
0 0.343000 0.807000 0.021000 0.060667
2 0.394250 0.780333 0.051500 0.087333
0 0.264750 0.457000 0.030500 0.054000
2 0.368000 0.319333 0.043000 0.034667
0 0.491000 0.445000 0.021000 0.056667
0 0.508500 0.447000 0.020000 0.071333
2 0.478000 0.119667 0.012000 0.039333
2 0.551250 0.080000 0.010500 0.025333
2 0.574500 0.097000 0.014000 0.022000
2 0.443750 0.357000 0.043500 0.046000
2 0.470000 0.347333 0.035000 0.036000
0 0.471250 0.301000 0.020500 0.050000
0 0.472000 0.316333 0.013000 0.043333
0 0.490000 0.371000 0.012000 0.054000
0 0.506500 0.337333 0.015000 0.054667
0 0.495000 0.327000 0.015000 0.055333
0 0.504500 0.299333 0.015000 0.053333
0 0.534500 0.345333 0.013000 0.056000
0 0.525750 0.362333 0.014500 0.056667
0 0.524250 0.310000 0.012500 0.049333
0 0.895250 0.232000 0.021500 0.045333
2 0.814000 0.243000 0.024000 0.030000
0 0.767250 0.270333 0.014500 0.050000
0 0.666000 0.265667 0.014000 0.039333
0 0.667250 0.283667 0.011500 0.042000
2 0.667000 0.316667 0.039000 0.028000
0 0.641250 0.302333 0.022500 0.047333
0 0.553750 0.318333 0.013500 0.054000
0 0.546750 0.306333 0.015500 0.054000
0 0.569250 0.309333 0.013500 0.056000
0 0.580250 0.315333 0.014500 0.054667
0 0.603250 0.331000 0.012500 0.050000
0 0.652000 0.297667 0.018000 0.051333
0 0.602750 0.304333 0.014500 0.050000
0 0.586250 0.301333 0.015500 0.056000
0 0.603500 0.278333 0.011000 0.046000
0 0.607500 0.274333 0.010000 0.044667
0 0.595000 0.270667 0.013000 0.050667
