1 0.363214 0.754286 0.049286 0.041905
1 0.232143 0.711429 0.051429 0.038095
1 0.140357 0.683810 0.050714 0.038095
1 0.024286 0.648095 0.048571 0.037143
1 0.618929 0.895714 0.025000 0.079048
1 0.760714 0.882381 0.060000 0.044762
1 0.800357 0.846667 0.060714 0.043810
1 0.607143 0.567143 0.015714 0.046667
1 0.620714 0.422857 0.014286 0.038095
1 0.633214 0.237619 0.012143 0.025714
1 0.634643 0.183810 0.010714 0.024762
1 0.688571 0.191905 0.011429 0.020000
1 0.685714 0.172381 0.010000 0.020952
1 0.686071 0.154286 0.010714 0.020952
1 0.639286 0.165238 0.010000 0.021905
1 0.639286 0.151905 0.010000 0.016190
1 0.697857 0.564762 0.018571 0.045714
2 0.695000 0.511905 0.015714 0.016190
2 0.697500 0.527143 0.015000 0.014286
2 0.670357 0.493810 0.007857 0.020000
2 0.670357 0.535238 0.007857 0.020952
2 0.666786 0.577143 0.007857 0.019048
2 0.697500 0.607143 0.012143 0.020000
2 0.670000 0.726667 0.008571 0.026667
2 0.604286 0.727143 0.010000 0.031429
2 0.735000 0.828095 0.021429 0.016190
2 0.765000 0.807619 0.025714 0.020952
2 0.736071 0.703810 0.012143 0.028571
2 0.572500 0.821905 0.022143 0.013333
2 0.446429 0.809524 0.021429 0.019048
2 0.456786 0.717143 0.020714 0.013333
2 0.254286 0.683810 0.021429 0.015238
2 0.690714 0.316190 0.005714 0.015238
2 0.692857 0.300952 0.012857 0.015238
2 0.691429 0.279048 0.008571 0.013333
2 0.692143 0.273333 0.010000 0.011429
0 0.666786 0.204762 0.005000 0.015238
0 0.697143 0.201429 0.004286 0.012381
0 0.700000 0.204762 0.005714 0.011429
0 0.640714 0.310952 0.004286 0.014286
0 0.686786 0.476190 0.006429 0.015238
0 0.717143 0.512381 0.005714 0.015238
0 0.730357 0.906190 0.013571 0.016190
0 0.557500 0.835238 0.010714 0.015238
2 0.129643 0.713810 0.025000 0.014286
2 0.649286 0.898095 0.007143 0.036190
1 0.668929 0.045238 0.010714 0.014286
1 0.664643 0.030476 0.009286 0.015238
1 0.646071 0.040000 0.009286 0.019048
1 0.684286 0.047143 0.008571 0.016190
0 0.168929 0.582381 0.013571 0.016190
