0 0.209500 0.312000 0.048000 0.045333
0 0.099250 0.889000 0.059500 0.062000
0 0.099500 0.916000 0.037000 0.041333
0 0.476000 0.825667 0.028000 0.056667
0 0.552000 0.822000 0.026000 0.046667
2 0.407750 0.758667 0.058500 0.076000
2 0.450000 0.746667 0.058000 0.040000
2 0.306250 0.665000 0.071500 0.038000
0 0.470000 0.738000 0.031000 0.048000
0 0.487500 0.711667 0.034000 0.038000
0 0.510750 0.723333 0.022500 0.048000
0 0.541500 0.706000 0.025000 0.053333
0 0.596500 0.679333 0.026000 0.037333
0 0.599750 0.705667 0.021500 0.046000
0 0.666750 0.692333 0.028500 0.038000
0 0.675500 0.734667 0.030000 0.046667
0 0.461000 0.656333 0.027000 0.040667
0 0.546750 0.655333 0.017500 0.028000
0 0.531750 0.635667 0.022500 0.032667
0 0.701500 0.972000 0.041000 0.056000
0 0.706250 0.915000 0.044500 0.063333
0 0.681000 0.842333 0.042000 0.063333
0 0.627750 0.682000 0.040500 0.050667
0 0.660250 0.654667 0.024500 0.029333
0 0.647000 0.607667 0.029000 0.036667
0 0.672500 0.629000 0.037000 0.044667
0 0.713500 0.644667 0.041000 0.033333
0 0.733250 0.656333 0.033500 0.036667
0 0.751000 0.654333 0.030000 0.030000
0 0.675250 0.554333 0.040500 0.031333
0 0.697250 0.575333 0.038500 0.025333
0 0.983500 0.820333 0.033000 0.032667
0 0.803000 0.549000 0.057000 0.028667
2 0.886000 0.027000 0.072000 0.054000
