1 0.287857 0.309524 0.014286 0.038095
1 0.306786 0.322381 0.015000 0.039048
1 0.276071 0.128095 0.015000 0.037143
1 0.024643 0.401429 0.029286 0.033333
0 0.223929 0.648095 0.010714 0.010476
1 0.196429 0.724286 0.025714 0.021905
1 0.563929 0.935714 0.013571 0.035238
1 0.528571 0.817143 0.025714 0.030476
1 0.573929 0.499524 0.012143 0.039048
1 0.573571 0.590952 0.011429 0.037143
2 0.554286 0.192857 0.007143 0.018095
2 0.553214 0.132857 0.006429 0.018095
2 0.563571 0.120476 0.005714 0.016190
2 0.549286 0.042381 0.007143 0.016190
1 0.687143 0.195714 0.011429 0.037143
1 0.687143 0.298095 0.014286 0.036190
1 0.692143 0.371429 0.014286 0.038095
2 0.722857 0.267143 0.007143 0.016190
1 0.811786 0.561429 0.013571 0.037143
2 0.722143 0.751905 0.007143 0.018095
