1 0.491429 0.809524 0.048571 0.059048
1 0.508571 0.768571 0.047143 0.060952
2 0.344643 0.670476 0.016429 0.011429
2 0.589286 0.567143 0.012857 0.023810
2 0.798571 0.823810 0.017143 0.020952
1 0.758571 0.738095 0.048571 0.059048
0 0.494286 0.510000 0.005714 0.014286
2 0.325357 0.336190 0.007857 0.019048
2 0.458929 0.287143 0.013571 0.014286
2 0.458929 0.271905 0.015000 0.014286
1 0.486071 0.270476 0.020714 0.041905
2 0.425000 0.246667 0.007143 0.020952
2 0.514643 0.163810 0.009286 0.019048
2 0.510714 0.126190 0.012857 0.014286
1 0.527143 0.128095 0.018571 0.033333
2 0.632143 0.053333 0.005714 0.017143
