1 0.746347 0.038961 0.024008 0.022263
1 0.678497 0.099722 0.016701 0.032468
1 0.650574 0.090909 0.015136 0.024119
1 0.625000 0.124768 0.027662 0.021336
1 0.619520 0.075139 0.011482 0.016698
1 0.575418 0.184137 0.019311 0.032468
0 0.555585 0.211503 0.002610 0.020408
1 0.578027 0.272263 0.020355 0.041744
1 0.559238 0.266698 0.019311 0.036178
1 0.620042 0.249072 0.019833 0.036178
1 0.569415 0.237477 0.019833 0.031540
0 0.706159 0.300557 0.005219 0.022263
0 0.647182 0.381262 0.006263 0.022263
1 0.552975 0.386827 0.027662 0.048237
1 0.554802 0.499536 0.034447 0.067718
1 0.500522 0.529685 0.032359 0.061224
1 0.497129 0.455009 0.028706 0.045455
1 0.477296 0.510204 0.029749 0.063080
2 0.246608 0.669759 0.009916 0.016698
2 0.212944 0.622449 0.009395 0.018553
2 0.235125 0.653525 0.006785 0.013915
1 0.712944 0.363173 0.018789 0.049165
