0 0.533571 0.891905 0.010000 0.029524
0 0.556071 0.920000 0.010714 0.034286
0 0.545357 0.918095 0.006429 0.030476
2 0.547143 0.812381 0.020000 0.055238
0 0.514286 0.409524 0.005714 0.020952
0 0.441429 0.390000 0.005714 0.027619
0 0.446429 0.388571 0.004286 0.026667
0 0.480714 0.362857 0.004286 0.024762
0 0.487143 0.362381 0.008571 0.025714
2 0.575000 0.422857 0.025714 0.011429
2 0.575000 0.415238 0.022857 0.013333
0 0.559643 0.405238 0.006429 0.018095
1 0.776786 0.888095 0.060714 0.143810
0 0.417143 0.720000 0.010000 0.024762
1 0.361071 0.531429 0.027857 0.013333
