1 0.502143 0.826190 0.034286 0.105714
2 0.593929 0.861429 0.016429 0.046667
2 0.548214 0.590000 0.012143 0.040952
0 0.572500 0.599048 0.010714 0.017143
0 0.333571 0.640952 0.014286 0.020952
0 0.320357 0.615238 0.015000 0.015238
0 0.582500 0.662857 0.010714 0.017143
0 0.563929 0.498571 0.010714 0.023810
0 0.571786 0.490476 0.010714 0.019048
2 0.506429 0.523810 0.030000 0.022857
2 0.476786 0.527619 0.027857 0.019048
0 0.470357 0.494762 0.015000 0.018095
0 0.488214 0.478571 0.017857 0.018095
0 0.519643 0.477143 0.010714 0.020952
0 0.516786 0.449524 0.010714 0.022857
0 0.846786 0.477143 0.017857 0.017143
1 0.785357 0.463810 0.079286 0.051429
1 0.700357 0.464762 0.083571 0.055238
0 0.542500 0.291429 0.010714 0.019048
0 0.541429 0.260476 0.008571 0.029524
2 0.550000 0.227143 0.011429 0.037143
0 0.534643 0.148095 0.009286 0.029524
0 0.532857 0.116667 0.008571 0.027619
0 0.536071 0.022857 0.010714 0.024762
0 0.378929 0.486190 0.013571 0.020000
2 0.546786 0.970476 0.019286 0.053333
