1 0.062500 0.234286 0.013571 0.015238
1 0.043214 0.236190 0.017857 0.011429
1 0.046071 0.230000 0.015000 0.010476
1 0.056786 0.226190 0.015000 0.014286
1 0.007143 0.266667 0.014286 0.013333
1 0.519286 0.419524 0.014286 0.027619
1 0.493571 0.030952 0.004286 0.006667
1 0.570000 0.026190 0.004286 0.006667
2 0.510714 0.366667 0.004286 0.015238
2 0.523214 0.363333 0.005000 0.014286
2 0.534286 0.363333 0.004286 0.012381
2 0.923214 0.298571 0.010714 0.010476
2 0.543214 0.312857 0.009286 0.010476
2 0.484286 0.889048 0.007143 0.037143
2 0.726071 0.928571 0.013571 0.032381
2 0.697143 0.919048 0.024286 0.017143
2 0.693929 0.899524 0.022143 0.018095
2 0.691071 0.885714 0.019286 0.017143
2 0.687143 0.870476 0.022857 0.019048
2 0.683929 0.853333 0.022143 0.017143
2 0.675000 0.820476 0.024286 0.016190
2 0.674643 0.805714 0.023571 0.019048
2 0.697857 0.803333 0.021429 0.016190
2 0.717500 0.791905 0.026429 0.016190
2 0.712143 0.779524 0.021429 0.018095
2 0.693571 0.791429 0.018571 0.015238
2 0.670000 0.795714 0.025714 0.023810
2 0.688214 0.781429 0.020714 0.020000
2 0.671429 0.778095 0.024286 0.024762
