0 0.483750 0.848000 0.008500 0.041333
0 0.505500 0.857000 0.009000 0.028667
0 0.514750 0.874333 0.011500 0.023333
0 0.526250 0.872000 0.014500 0.033333
0 0.487000 0.827667 0.005000 0.022000
0 0.486750 0.810000 0.008500 0.032000
0 0.490750 0.755000 0.012500 0.035333
0 0.497500 0.749667 0.007000 0.019333
1 0.441750 0.724333 0.081500 0.058000
1 0.453000 0.660000 0.075000 0.049333
0 0.442000 0.617667 0.010000 0.031333
0 0.464500 0.582000 0.009000 0.030667
0 0.460750 0.571000 0.007500 0.027333
0 0.452250 0.556667 0.007500 0.032000
0 0.472250 0.547667 0.008500 0.027333
0 0.473750 0.535000 0.009500 0.031333
0 0.429750 0.514000 0.010500 0.025333
0 0.453750 0.513667 0.007500 0.026000
2 0.458500 0.509667 0.010000 0.022000
0 0.420750 0.469667 0.008500 0.024667
0 0.432500 0.486333 0.009000 0.026000
0 0.478000 0.490000 0.007000 0.024000
0 0.457500 0.458667 0.007000 0.026667
2 0.476750 0.501667 0.011500 0.020667
0 0.468000 0.445667 0.008000 0.026000
0 0.446250 0.420667 0.006500 0.025333
0 0.418500 0.410333 0.007000 0.024667
0 0.428250 0.407667 0.005500 0.024667
0 0.434000 0.406333 0.005000 0.024667
0 0.414000 0.390000 0.006000 0.022667
0 0.420500 0.390333 0.007000 0.022000
0 0.424250 0.377000 0.006500 0.023333
0 0.440250 0.352667 0.005500 0.021333
0 0.404250 0.364000 0.007500 0.013333
0 0.410000 0.353000 0.006000 0.016667
0 0.408750 0.344667 0.004500 0.016000
0 0.393250 0.348000 0.003500 0.021333
0 0.419500 0.337333 0.006000 0.021333
0 0.423750 0.326000 0.005500 0.020000
0 0.427500 0.314667 0.004000 0.020000
1 0.475000 0.281667 0.016000 0.026000
1 0.450000 0.268667 0.022000 0.018667
1 0.418750 0.199667 0.017500 0.015333
1 0.390250 0.186333 0.013500 0.015333
0 0.358750 0.183000 0.003500 0.011333
1 0.366500 0.166333 0.015000 0.014000
1 0.364000 0.197333 0.015000 0.014667
1 0.351750 0.186333 0.016500 0.014000
2 0.564000 0.738333 0.014000 0.043333
0 0.512000 0.667333 0.007000 0.021333
0 0.520000 0.662333 0.011000 0.030000
0 0.552500 0.591333 0.011000 0.030667
2 0.416500 0.301000 0.006000 0.015333
1 0.493000 0.296667 0.024000 0.025333
0 0.497000 0.312000 0.003000 0.014667
0 0.500500 0.313667 0.004000 0.015333
1 0.518250 0.293000 0.026500 0.026000
0 0.527000 0.277667 0.005000 0.019333
0 0.542500 0.271333 0.003000 0.014667
2 0.566250 0.286667 0.010500 0.012000
0 0.589500 0.283333 0.004000 0.020000
0 0.595500 0.276667 0.004000 0.016000
0 0.606750 0.278667 0.004500 0.016000
0 0.609000 0.275000 0.003000 0.016667
0 0.612250 0.273000 0.003500 0.014000
2 0.735750 0.755333 0.026500 0.040000
1 0.960500 0.592667 0.079000 0.064000
1 0.863000 0.521333 0.067000 0.052000
0 0.797500 0.518333 0.011000 0.030000
1 0.738750 0.434667 0.054500 0.042667
1 0.620250 0.377333 0.039500 0.032000
0 0.603500 0.349667 0.008000 0.020667
0 0.607250 0.347000 0.005500 0.022000
0 0.585750 0.314667 0.005500 0.018667
0 0.589500 0.316333 0.004000 0.015333
0 0.603750 0.323000 0.005500 0.022000
0 0.614750 0.291000 0.005500 0.019333
1 0.616000 0.285000 0.031000 0.022000
0 0.576500 0.274667 0.004000 0.016000
0 0.652000 0.283000 0.004000 0.018000
0 0.662500 0.277333 0.005000 0.018667
0 0.652250 0.271000 0.003500 0.019333
0 0.680750 0.263000 0.004500 0.018000
2 0.722250 0.259000 0.010500 0.011333
0 0.735500 0.255000 0.007000 0.016667
2 0.737750 0.271000 0.012500 0.011333
0 0.744500 0.268000 0.003000 0.016000
0 0.752250 0.265667 0.003500 0.012667
0 0.754000 0.262333 0.004000 0.016667
0 0.758750 0.253333 0.003500 0.017333
0 0.760250 0.255333 0.005500 0.016000
1 0.732250 0.217667 0.030500 0.019333
1 0.744750 0.187667 0.025500 0.015333
0 0.746000 0.173000 0.005000 0.014000
0 0.941000 0.970333 0.027000 0.034000
