1 0.109500 0.773000 0.176000 0.119333
2 0.020500 0.427667 0.039000 0.028667
0 0.337500 0.740000 0.018000 0.057333
0 0.443000 0.370667 0.015000 0.044000
1 0.421250 0.381000 0.043500 0.083333
0 0.477000 0.328667 0.011000 0.040000
1 0.444750 0.304000 0.034500 0.061333
0 0.434500 0.237667 0.008000 0.032667
1 0.456000 0.234333 0.032000 0.052667
1 0.469250 0.171000 0.027500 0.047333
0 0.482500 0.143667 0.007000 0.030000
0 0.513000 0.971333 0.024000 0.053333
0 0.494500 0.978000 0.020000 0.044000
2 0.587000 0.788333 0.022000 0.066000
1 0.490750 0.530667 0.085500 0.112000
0 0.531250 0.619333 0.016500 0.045333
0 0.562000 0.581333 0.015000 0.048000
0 0.588000 0.604333 0.018000 0.050000
0 0.566500 0.452000 0.015000 0.041333
0 0.579000 0.331333 0.011000 0.036000
1 0.594000 0.323333 0.059000 0.057333
2 0.536500 0.210667 0.012000 0.025333
0 0.551500 0.220000 0.009000 0.030667
0 0.556750 0.202667 0.008500 0.029333
0 0.552250 0.187333 0.006500 0.029333
0 0.543750 0.173667 0.007500 0.026000
0 0.495750 0.157333 0.009500 0.030667
0 0.504250 0.092667 0.006500 0.025333
0 0.494750 0.086333 0.007500 0.019333
0 0.490000 0.077000 0.009000 0.016667
2 0.549250 0.085000 0.006500 0.016667
0 0.545000 0.073000 0.006000 0.023333
1 0.541750 0.062667 0.034500 0.028000
1 0.633250 0.057000 0.026500 0.027333
1 0.624500 0.021667 0.017000 0.023333
2 0.496750 0.054667 0.007500 0.016000
0 0.499750 0.031333 0.006500 0.018667
2 0.543000 0.048000 0.007000 0.012000
0 0.552500 0.024667 0.005000 0.020000
0 0.547250 0.010667 0.003500 0.017333
0 0.554750 0.006667 0.003500 0.013333
2 0.509250 0.037000 0.004500 0.014000
0 0.506750 0.034000 0.004500 0.017333
0 0.515000 0.019667 0.006000 0.020667
0 0.510000 0.019667 0.004000 0.019333
1 0.529500 0.042333 0.016000 0.022000
1 0.534250 0.024000 0.016500 0.024000
1 0.531250 0.009000 0.014500 0.018000
0 0.694250 0.515000 0.017500 0.054000
1 0.761750 0.467667 0.092500 0.059333
1 0.709000 0.367667 0.091000 0.059333
0 0.735750 0.327333 0.014500 0.040000
2 0.746250 0.397333 0.038500 0.029333
2 0.801750 0.410333 0.035500 0.028667
0 0.684500 0.161667 0.009000 0.030000
2 0.730000 0.149000 0.022000 0.022000
1 0.709250 0.135667 0.053500 0.030000
0 0.738000 0.107000 0.012000 0.022000
1 0.679500 0.077333 0.035000 0.037333
1 0.689250 0.068333 0.035500 0.026000
1 0.679250 0.055000 0.044500 0.020667
1 0.751750 0.058000 0.047500 0.022667
2 0.654750 0.022000 0.004500 0.014667
0 0.714500 0.066333 0.008000 0.023333
2 0.698000 0.097667 0.016000 0.018000
0 0.701750 0.045000 0.006500 0.023333
1 0.867000 0.373667 0.098000 0.058000
1 0.900000 0.475000 0.130000 0.067333
