1 0.538000 0.139667 0.039000 0.090000
1 0.523000 0.243667 0.044000 0.104667
1 0.507750 0.380333 0.051500 0.128667
1 0.495750 0.545000 0.058500 0.155333
1 0.463000 0.798333 0.072000 0.226000
1 0.614500 0.503333 0.058000 0.150667
1 0.678500 0.439333 0.056000 0.140000
1 0.676750 0.286667 0.048500 0.105333
1 0.667750 0.171000 0.039500 0.080667
1 0.675250 0.020667 0.036500 0.041333
0 0.570750 0.191667 0.009500 0.043333
0 0.561750 0.199000 0.008500 0.022000
1 0.967250 0.543000 0.065500 0.082000
0 0.535500 0.447333 0.017000 0.042667
