1 0.085250 0.569000 0.068500 0.036667
1 0.114000 0.542000 0.056000 0.028000
1 0.136250 0.517333 0.052500 0.024000
0 0.085500 0.533000 0.013000 0.027333
1 0.129500 0.418000 0.034000 0.014667
1 0.045000 0.411000 0.036000 0.016667
1 0.067000 0.406333 0.028000 0.011333
0 0.053000 0.384333 0.005000 0.012667
0 0.048750 0.381667 0.003500 0.012667
1 0.116750 0.378000 0.022500 0.010667
1 0.235000 0.363000 0.021000 0.008667
1 0.239500 0.358000 0.019000 0.008000
1 0.256000 0.348333 0.017000 0.007333
2 0.139250 0.389000 0.003500 0.007333
1 0.274000 0.339667 0.016000 0.007333
1 0.253750 0.409000 0.014500 0.014000
1 0.306750 0.313333 0.008500 0.004000
1 0.349500 0.316333 0.010000 0.004667
1 0.363750 0.317000 0.011500 0.004667
1 0.361500 0.313333 0.009000 0.004000
1 0.530500 0.598667 0.035000 0.054667
1 0.859000 0.681000 0.072000 0.058000
0 0.804750 0.565333 0.008500 0.029333
2 0.717500 0.562333 0.010000 0.018000
1 0.588000 0.480667 0.025000 0.021333
0 0.640000 0.459333 0.004000 0.016000
0 0.633000 0.447667 0.002000 0.015333
0 0.639500 0.450000 0.003000 0.017333
1 0.458750 0.418333 0.012500 0.016667
1 0.516000 0.417000 0.015000 0.014000
1 0.533500 0.401000 0.011000 0.011333
1 0.520500 0.382000 0.019000 0.010667
0 0.456500 0.336000 0.002000 0.006667
1 0.407500 0.319333 0.004000 0.005333
1 0.430750 0.317333 0.007500 0.004000
1 0.436500 0.320333 0.004000 0.006000
1 0.439500 0.318333 0.005000 0.004667
1 0.409000 0.307000 0.003000 0.003333
