1 0.780010 0.776438 0.040188 0.087199
1 0.724687 0.566790 0.025574 0.046382
1 0.713987 0.516234 0.036534 0.049165
2 0.829593 0.794991 0.020355 0.025974
2 0.866127 0.935529 0.030793 0.028757
0 0.765136 0.528293 0.005219 0.030612
2 0.359342 0.612245 0.005741 0.022263
2 0.393267 0.477737 0.006785 0.014842
2 0.408925 0.494434 0.005741 0.020408
2 0.402662 0.423006 0.003653 0.014842
2 0.412317 0.424397 0.004175 0.017625
2 0.413883 0.382189 0.004175 0.016698
2 0.434499 0.361317 0.003653 0.013915
2 0.460073 0.252319 0.004697 0.009276
2 0.505741 0.258349 0.004175 0.012059
2 0.555324 0.295455 0.009395 0.012059
2 0.568372 0.293599 0.005219 0.006494
2 0.447547 0.258813 0.004697 0.009276
2 0.439718 0.300557 0.004697 0.011132
1 0.678236 0.496289 0.021399 0.042672
2 0.593163 0.202226 0.003653 0.011132
2 0.628914 0.279221 0.004175 0.011132
2 0.617432 0.250464 0.004175 0.009276
2 0.612996 0.205473 0.002610 0.008349
2 0.455637 0.214286 0.003132 0.007421
2 0.594468 0.128015 0.003132 0.005566
2 0.586117 0.106679 0.003132 0.005566
1 0.559238 0.081169 0.007829 0.010204
1 0.552192 0.118738 0.008351 0.014842
1 0.552453 0.147032 0.007829 0.015770
1 0.565240 0.172078 0.009395 0.015770
2 0.423800 0.415121 0.005219 0.008349
2 0.915710 0.966141 0.024530 0.025046
2 0.901618 0.944805 0.023486 0.019481
0 0.917276 0.925325 0.008873 0.025046
