2 0.491786 0.823810 0.025000 0.024762
1 0.624286 0.890952 0.047143 0.109524
0 0.406786 0.874286 0.010714 0.020952
0 0.360714 0.930476 0.008571 0.022857
0 0.279643 0.926667 0.009286 0.022857
2 0.745357 0.725238 0.017857 0.025714
0 0.722500 0.671429 0.006429 0.024762
1 0.548214 0.204286 0.010714 0.014286
1 0.652857 0.330476 0.020000 0.017143
1 0.377500 0.093333 0.005000 0.007619
1 0.352143 0.276667 0.011429 0.014286
1 0.355000 0.320952 0.011429 0.017143
1 0.354286 0.306667 0.011429 0.013333
0 0.425357 0.276667 0.003571 0.012381
0 0.392857 0.191429 0.002857 0.009524
0 0.384643 0.145238 0.002143 0.006667
1 0.371429 0.076667 0.004286 0.004762
1 0.280357 0.362857 0.036429 0.019048
1 0.280000 0.374762 0.034286 0.014286
1 0.171429 0.466667 0.022857 0.036190
0 0.210000 0.950000 0.014286 0.029524
