2 0.646138 0.190167 0.027140 0.038961
2 0.667537 0.068182 0.021921 0.028757
2 0.725470 0.006957 0.022965 0.013915
2 0.730167 0.022263 0.022965 0.016698
0 0.759395 0.390074 0.014614 0.036178
2 0.641701 0.486085 0.031837 0.042672
2 0.569154 0.556586 0.033925 0.050093
1 0.550365 0.407699 0.077766 0.095547
1 0.479384 0.544527 0.091336 0.113173
1 0.446242 0.629406 0.085595 0.093692
2 0.601514 0.737941 0.030793 0.036178
2 0.638831 0.729128 0.035491 0.025974
2 0.643267 0.705473 0.034969 0.032468
2 0.513831 0.827458 0.037056 0.038961
2 0.509916 0.871058 0.037578 0.038961
2 0.512265 0.927644 0.032881 0.029685
2 0.499217 0.963822 0.030793 0.033395
2 0.658925 0.368738 0.030793 0.030612
1 0.160752 0.542672 0.081420 0.155844
