2 0.183214 0.905238 0.037857 0.060000
2 0.177857 0.859524 0.042857 0.033333
2 0.174286 0.737619 0.018571 0.048571
1 0.276071 0.702381 0.063571 0.117143
1 0.391071 0.826667 0.092143 0.114286
2 0.473929 0.811429 0.019286 0.055238
2 0.596786 0.725238 0.026429 0.040952
2 0.660714 0.617619 0.031429 0.040952
2 0.645714 0.581905 0.035714 0.038095
1 0.482857 0.615714 0.071429 0.063810
1 0.043929 0.640000 0.056429 0.106667
1 0.023929 0.522857 0.047857 0.106667
1 0.082500 0.460952 0.052143 0.093333
0 0.458929 0.455238 0.009286 0.032381
0 0.479286 0.465238 0.008571 0.021905
0 0.475714 0.455238 0.012857 0.024762
2 0.442143 0.359048 0.017143 0.036190
2 0.498214 0.300476 0.027857 0.025714
2 0.463929 0.241429 0.020714 0.029524
1 0.358929 0.145714 0.043571 0.055238
2 0.346071 0.056667 0.020714 0.029524
2 0.169643 0.189524 0.019286 0.032381
2 0.176786 0.060000 0.019286 0.032381
1 0.935000 0.743333 0.098571 0.111429
1 0.958929 0.683333 0.082143 0.120952
2 0.900000 0.569048 0.031429 0.033333
1 0.678929 0.405238 0.055000 0.071429
1 0.740714 0.362857 0.065714 0.070476
1 0.767143 0.343810 0.067143 0.070476
1 0.800714 0.325238 0.068571 0.065714
1 0.860000 0.281429 0.064286 0.060000
0 0.980714 0.310952 0.018571 0.027619
0 0.954286 0.267619 0.020000 0.024762
0 0.955000 0.246190 0.020000 0.027619
1 0.932500 0.180952 0.060714 0.068571
