1 0.321786 0.024286 0.015000 0.031429
1 0.302500 0.069524 0.022143 0.020952
1 0.332857 0.016667 0.015714 0.031429
1 0.345000 0.013333 0.014286 0.026667
1 0.357143 0.008571 0.010000 0.017143
1 0.402500 0.063333 0.010714 0.029524
1 0.434286 0.143333 0.010000 0.035238
1 0.440357 0.263810 0.010714 0.030476
1 0.470714 0.867619 0.011429 0.030476
1 0.485000 0.855238 0.010000 0.030476
2 0.586071 0.918095 0.006429 0.015238
1 0.561429 0.607143 0.011429 0.031429
1 0.809643 0.627619 0.010714 0.030476
1 0.938571 0.071429 0.011429 0.026667
1 0.991786 0.232857 0.016429 0.020000
