1 0.650250 0.710333 0.079500 0.134000
1 0.576750 0.531333 0.061500 0.086667
1 0.479500 0.403667 0.037000 0.064667
1 0.464500 0.263333 0.040000 0.050667
1 0.421500 0.171000 0.033000 0.039333
1 0.399750 0.127667 0.031500 0.036667
1 0.386250 0.089667 0.025500 0.031333
1 0.380250 0.064000 0.023500 0.025333
0 0.621750 0.631333 0.018500 0.048000
0 0.604250 0.632667 0.018500 0.048000
2 0.556750 0.474333 0.037500 0.034000
2 0.558500 0.465333 0.029000 0.028000
2 0.536000 0.427667 0.030000 0.031333
2 0.525750 0.403333 0.031500 0.026667
2 0.525750 0.383333 0.028500 0.025333
2 0.512000 0.362333 0.030000 0.026000
2 0.448750 0.403667 0.019500 0.034000
0 0.566000 0.380000 0.011000 0.037333
2 0.362250 0.147667 0.014500 0.023333
0 0.417250 0.025667 0.009500 0.022000
0 0.173250 0.047333 0.021500 0.033333
1 0.089250 0.012333 0.022500 0.023333
1 0.022750 0.214000 0.037500 0.048000
2 0.101250 0.111333 0.014500 0.022667
2 0.068250 0.227000 0.014500 0.026000
2 0.054500 0.234000 0.010000 0.024000
