2 0.171429 0.596190 0.025714 0.043810
2 0.208214 0.597619 0.013571 0.042857
2 0.213929 0.561429 0.017857 0.042857
2 0.254643 0.637143 0.020714 0.047619
2 0.299286 0.576667 0.017143 0.042857
2 0.343571 0.605714 0.022857 0.036190
2 0.353214 0.593810 0.023571 0.035238
2 0.295357 0.630476 0.022143 0.045714
2 0.307143 0.627143 0.021429 0.040952
2 0.336071 0.707143 0.020714 0.042857
2 0.358214 0.700000 0.022143 0.036190
2 0.417143 0.651905 0.031429 0.027619
0 0.390000 0.648571 0.020000 0.036190
0 0.419643 0.693333 0.017857 0.024762
2 0.416071 0.803333 0.026429 0.042857
2 0.477143 0.924286 0.045714 0.025714
2 0.527143 0.853333 0.037143 0.032381
2 0.514286 0.832381 0.032857 0.040000
2 0.493571 0.801429 0.041429 0.033333
2 0.475714 0.769524 0.034286 0.043810
2 0.460357 0.739524 0.032143 0.039048
0 0.562857 0.800000 0.014286 0.024762
0 0.609286 0.590000 0.015714 0.023810
0 0.719643 0.844762 0.020714 0.024762
0 0.726071 0.826190 0.017857 0.020000
0 0.653214 0.688571 0.013571 0.038095
1 0.703571 0.687619 0.060000 0.100952
0 0.367500 0.449048 0.016429 0.018095
0 0.366429 0.435714 0.015714 0.020000
0 0.413571 0.438095 0.012857 0.020952
0 0.561786 0.449524 0.016429 0.024762
2 0.186786 0.476667 0.022143 0.033333
2 0.205714 0.453333 0.032857 0.041905
2 0.222143 0.442381 0.034286 0.033333
2 0.593571 0.458571 0.027143 0.027619
0 0.621786 0.545238 0.012143 0.018095
2 0.659643 0.513810 0.019286 0.035238
2 0.647500 0.488571 0.017857 0.041905
2 0.665357 0.479048 0.020714 0.030476
0 0.671071 0.421905 0.017857 0.024762
2 0.745714 0.446190 0.032857 0.035238
1 0.906429 0.450000 0.071429 0.079048
2 0.933929 0.382381 0.022143 0.033333
2 0.985714 0.332381 0.028571 0.032381
0 0.833214 0.294286 0.016429 0.024762
0 0.849286 0.238095 0.020000 0.024762
2 0.867500 0.247143 0.017857 0.042857
0 0.430000 0.237143 0.010000 0.030476
1 0.476071 0.169048 0.069286 0.058095
1 0.553929 0.155238 0.046429 0.083810
1 0.497143 0.120952 0.070000 0.053333
1 0.513929 0.081429 0.070714 0.056190
1 0.587857 0.074286 0.051429 0.091429
1 0.612500 0.018571 0.035000 0.037143
1 0.523571 0.047143 0.068571 0.052381
1 0.537143 0.022381 0.070000 0.044762
0 0.456429 0.015714 0.012857 0.031429
0 0.372143 0.084286 0.011429 0.027619
