1 0.459643 0.751905 0.042143 0.067619
1 0.556429 0.705714 0.040000 0.057143
1 0.587143 0.696667 0.038571 0.060000
1 0.629286 0.685238 0.045714 0.058095
1 0.653571 0.674762 0.042857 0.052381
1 0.564286 0.577143 0.035714 0.041905
1 0.536071 0.590952 0.039286 0.044762
1 0.455000 0.620952 0.037143 0.053333
2 0.676786 0.549048 0.019286 0.020000
2 0.562500 0.543333 0.009286 0.021905
2 0.551071 0.544762 0.012143 0.020952
2 0.541429 0.550000 0.012857 0.018095
2 0.531429 0.552381 0.012857 0.024762
2 0.521071 0.555238 0.012143 0.026667
2 0.509286 0.561905 0.011429 0.024762
2 0.487500 0.562381 0.015000 0.023810
2 0.366429 0.610952 0.008571 0.025714
2 0.381786 0.601429 0.016429 0.023810
2 0.391429 0.598571 0.010000 0.027619
2 0.398214 0.598095 0.010714 0.032381
2 0.408571 0.596667 0.014286 0.023810
2 0.417500 0.591429 0.010714 0.026667
2 0.425357 0.591429 0.010714 0.032381
2 0.433214 0.583333 0.010714 0.021905
1 0.241786 0.546190 0.047857 0.031429
1 0.631071 0.470952 0.037857 0.025714
1 0.860000 0.637143 0.058571 0.043810
2 0.943929 0.662857 0.013571 0.017143
