0 0.058000 0.042000 0.020000 0.033333
2 0.011250 0.035333 0.019500 0.026667
0 0.015250 0.077333 0.022500 0.037333
0 0.094500 0.047000 0.015000 0.026000
0 0.056500 0.008667 0.012000 0.017333
0 0.060750 0.151000 0.021500 0.039333
0 0.122500 0.108333 0.019000 0.034000
0 0.117500 0.105000 0.014000 0.024667
0 0.152500 0.115000 0.019000 0.032667
0 0.123750 0.147667 0.020500 0.038000
2 0.111250 0.198000 0.017500 0.033333
0 0.066000 0.264667 0.028000 0.037333
0 0.184750 0.227667 0.021500 0.036667
0 0.146500 0.332333 0.026000 0.036667
0 0.100500 0.291000 0.027000 0.038000
0 0.115000 0.317667 0.025000 0.034000
2 0.102250 0.340000 0.026500 0.052000
0 0.130250 0.459667 0.028500 0.039333
0 0.253500 0.569333 0.028000 0.024000
2 0.249000 0.576333 0.019000 0.051333
2 0.132750 0.488333 0.034500 0.038000
2 0.050250 0.571667 0.029500 0.032667
0 0.193250 0.714000 0.039500 0.030667
0 0.234250 0.716333 0.025500 0.028667
1 0.313250 0.109667 0.056500 0.068667
2 0.365000 0.068667 0.017000 0.034667
0 0.472500 0.294333 0.012000 0.035333
0 0.452500 0.306667 0.013000 0.033333
0 0.446500 0.323000 0.014000 0.036667
0 0.363750 0.576000 0.014500 0.028000
2 0.367250 0.610333 0.020500 0.040667
0 0.490500 0.781667 0.017000 0.026000
1 0.667250 0.006333 0.033500 0.012667
1 0.506500 0.210000 0.079000 0.084000
1 0.559500 0.266333 0.092000 0.059333
1 0.611250 0.134667 0.070500 0.064000
0 0.581250 0.409333 0.016500 0.038667
2 0.668500 0.391667 0.038000 0.030000
2 0.667000 0.467000 0.033000 0.036667
0 0.665000 0.458333 0.025000 0.032667
1 0.676500 0.083333 0.063000 0.054667
0 0.757250 0.342333 0.022500 0.044667
0 0.799750 0.492000 0.034500 0.032000
1 0.801000 0.565667 0.055000 0.070000
1 0.859750 0.943000 0.132500 0.114000
1 0.840250 0.621000 0.119500 0.098000
0 0.862250 0.547000 0.033500 0.031333
2 0.913250 0.647000 0.032500 0.052667
2 0.965250 0.585000 0.024500 0.055333
