0 0.153500 0.450667 0.008000 0.020000
0 0.163750 0.447667 0.007500 0.020667
0 0.059500 0.438667 0.008000 0.024000
0 0.093000 0.433667 0.008000 0.022000
1 0.080750 0.705000 0.094500 0.067333
1 0.145000 0.642667 0.084000 0.062667
0 0.182750 0.630333 0.009500 0.035333
0 0.212750 0.617000 0.011500 0.032667
1 0.236500 0.579333 0.049000 0.052000
1 0.133250 0.801667 0.021500 0.052667
2 0.389000 0.647667 0.021000 0.027333
0 0.541500 0.702667 0.012000 0.029333
0 0.552500 0.698000 0.011000 0.024000
0 0.552500 0.684333 0.011000 0.014000
0 0.541250 0.683000 0.010500 0.015333
2 0.552750 0.654333 0.014500 0.035333
2 0.569500 0.659000 0.015000 0.034000
0 0.978750 0.642667 0.014500 0.028000
0 0.839000 0.635000 0.010000 0.032667
0 0.877750 0.618667 0.012500 0.036000
1 0.921000 0.606333 0.086000 0.047333
0 0.727250 0.574000 0.010500 0.030667
0 0.723750 0.568000 0.010500 0.028000
0 0.713500 0.574000 0.007000 0.028000
0 0.713750 0.562333 0.010500 0.028667
2 0.653750 0.567333 0.021500 0.016000
0 0.656750 0.543333 0.007500 0.028000
0 0.645500 0.541333 0.005000 0.030667
0 0.639000 0.530333 0.007000 0.031333
2 0.595750 0.529000 0.019500 0.023333
0 0.580750 0.522333 0.005500 0.018000
0 0.570750 0.533333 0.006500 0.028000
0 0.567500 0.528667 0.004000 0.024000
0 0.533250 0.525333 0.005500 0.025333
0 0.525000 0.528333 0.006000 0.016667
2 0.432750 0.496667 0.010500 0.018667
0 0.498500 0.510667 0.007000 0.022667
0 0.442500 0.492333 0.005000 0.024667
0 0.531000 0.371667 0.006000 0.014000
0 0.524250 0.377667 0.003500 0.016667
0 0.508000 0.378000 0.005000 0.016000
0 0.467000 0.440667 0.005000 0.009333
0 0.433500 0.412000 0.005000 0.020000
0 0.444250 0.414333 0.005500 0.019333
0 0.457000 0.417333 0.006000 0.021333
0 0.462250 0.426667 0.004500 0.020000
0 0.445500 0.441667 0.005000 0.022000
0 0.421250 0.455667 0.007500 0.022000
0 0.415500 0.460000 0.005000 0.014667
0 0.427750 0.477000 0.004500 0.022000
0 0.440000 0.467333 0.006000 0.021333
0 0.400000 0.483667 0.008000 0.023333
0 0.417500 0.480333 0.006000 0.022000
0 0.376500 0.483333 0.006000 0.025333
0 0.301250 0.519333 0.005500 0.025333
0 0.386250 0.468333 0.009500 0.024667
0 0.396250 0.462333 0.004500 0.016667
0 0.391250 0.462333 0.006500 0.020667
0 0.395000 0.479667 0.004000 0.022000
0 0.386000 0.451000 0.005000 0.018000
0 0.381000 0.458667 0.005000 0.018667
0 0.375000 0.448667 0.010000 0.021333
0 0.333500 0.492000 0.008000 0.024000
0 0.318000 0.506000 0.009000 0.025333
2 0.311500 0.500667 0.016000 0.012000
0 0.284250 0.490000 0.007500 0.021333
2 0.394250 0.434667 0.015500 0.013333
2 0.480000 0.390000 0.009000 0.010667
2 0.516250 0.375000 0.008500 0.014000
0 0.472500 0.389667 0.005000 0.015333
2 0.339500 0.748667 0.015000 0.040000
2 0.421250 0.603333 0.019500 0.024000
2 0.781250 0.549333 0.025500 0.026667
2 0.818250 0.561000 0.009500 0.026000
2 0.884750 0.575000 0.011500 0.027333
