1 0.300000 0.983000 0.045000 0.031333
1 0.257500 0.946667 0.027000 0.036000
2 0.237500 0.991000 0.014000 0.016667
2 0.238250 0.965000 0.012500 0.019333
2 0.158750 0.867333 0.008500 0.017333
0 0.182500 0.796667 0.008000 0.018667
1 0.142750 0.805667 0.030500 0.034000
1 0.116750 0.774000 0.033500 0.034667
1 0.092000 0.742667 0.026000 0.028000
1 0.064500 0.711000 0.027000 0.028667
0 0.051000 0.716667 0.007000 0.018667
1 0.047250 0.687000 0.026500 0.027333
1 0.027500 0.665333 0.024000 0.026667
1 0.173750 0.404667 0.021500 0.012000
1 0.162000 0.402333 0.020000 0.012667
1 0.153500 0.397667 0.020000 0.011333
1 0.115500 0.384333 0.021000 0.010000
