1 0.449286 0.706190 0.024286 0.073333
1 0.445357 0.620952 0.023571 0.070476
1 0.439286 0.552381 0.021429 0.060952
1 0.548929 0.672857 0.025000 0.069524
1 0.540714 0.601429 0.024286 0.058095
1 0.539643 0.540476 0.022143 0.054286
1 0.522143 0.389524 0.020000 0.043810
1 0.496071 0.127619 0.016429 0.032381
1 0.428214 0.050000 0.019286 0.031429
1 0.489286 0.028571 0.014286 0.020952
2 0.456071 0.381429 0.007857 0.021905
2 0.471071 0.362857 0.007857 0.024762
2 0.457143 0.354286 0.007143 0.022857
2 0.448214 0.307143 0.006429 0.023810
2 0.427500 0.443333 0.013571 0.021905
2 0.393929 0.471429 0.016429 0.015238
2 0.395357 0.454762 0.017857 0.016190
2 0.476071 0.292381 0.006429 0.020952
2 0.433571 0.343810 0.014286 0.011429
2 0.433929 0.330476 0.013571 0.013333
2 0.431429 0.299048 0.014286 0.017143
2 0.430714 0.283333 0.014286 0.018095
2 0.435000 0.265714 0.005714 0.024762
2 0.460357 0.219524 0.007857 0.021905
2 0.438929 0.115238 0.005000 0.020952
2 0.429286 0.079048 0.012857 0.015238
2 0.438571 0.015714 0.005714 0.018095
2 0.474286 0.005714 0.004286 0.011429
2 0.453571 0.040000 0.005714 0.019048
2 0.365000 0.432857 0.008571 0.023810
0 0.421786 0.190000 0.006429 0.016190
0 0.482500 0.137619 0.006429 0.016190
0 0.503571 0.007619 0.004286 0.015238
0 0.496429 0.004762 0.004286 0.009524
0 0.422143 0.256667 0.005714 0.016190
0 0.407857 0.405714 0.005714 0.015238
0 0.387143 0.424762 0.007143 0.017143
0 0.393571 0.407619 0.007143 0.017143
0 0.405000 0.551905 0.007143 0.014286
0 0.411429 0.582381 0.007143 0.012381
