0 0.467250 0.978667 0.023500 0.021333
0 0.475250 0.950667 0.019500 0.021333
0 0.469000 0.927667 0.021000 0.028667
0 0.537250 0.940667 0.015500 0.025333
2 0.603000 0.956000 0.031000 0.058667
0 0.528250 0.786333 0.012500 0.019333
2 0.440250 0.827667 0.042500 0.023333
2 0.658000 0.737000 0.033000 0.047333
0 0.883500 0.987000 0.033000 0.026000
0 0.896000 0.979333 0.036000 0.034667
0 0.910500 0.905000 0.036000 0.039333
0 0.963750 0.902667 0.045500 0.040000
2 0.929500 0.844000 0.036000 0.052000
0 0.887000 0.783000 0.033000 0.027333
0 0.862250 0.743000 0.030500 0.028667
0 0.791250 0.847000 0.030500 0.027333
0 0.781750 0.805000 0.029500 0.026000
0 0.931250 0.660000 0.031500 0.025333
2 0.861750 0.624667 0.029500 0.048000
0 0.835000 0.692667 0.027000 0.024000
0 0.767250 0.735333 0.031500 0.024000
0 0.710500 0.729667 0.014000 0.012667
0 0.703500 0.713667 0.022000 0.022000
0 0.795750 0.713333 0.024500 0.026667
0 0.777500 0.699333 0.024000 0.021333
0 0.781000 0.667000 0.028000 0.020667
0 0.700000 0.606000 0.020000 0.020000
0 0.710250 0.615000 0.019500 0.024667
0 0.721000 0.583000 0.019000 0.028667
0 0.744500 0.582667 0.023000 0.024000
0 0.688500 0.535333 0.015000 0.028000
1 0.750750 0.429333 0.082500 0.128000
2 0.936000 0.458000 0.035000 0.036000
2 0.926750 0.411667 0.019500 0.043333
0 0.990750 0.375667 0.018500 0.024667
0 0.642250 0.340000 0.013500 0.026667
0 0.646250 0.328667 0.010500 0.032000
0 0.662250 0.290667 0.014500 0.034667
0 0.600000 0.280667 0.013000 0.036000
0 0.670500 0.156000 0.011000 0.037333
0 0.657500 0.162667 0.016000 0.037333
0 0.655250 0.139333 0.017500 0.037333
0 0.652000 0.127333 0.013000 0.034667
0 0.589750 0.145000 0.009500 0.032667
2 0.596750 0.156667 0.012500 0.030667
0 0.711000 0.069000 0.012000 0.032667
0 0.699500 0.062333 0.013000 0.036667
0 0.628250 0.042667 0.011500 0.036000
0 0.613000 0.036333 0.010000 0.039333
0 0.602500 0.038333 0.009000 0.036667
0 0.574250 0.060000 0.009500 0.038667
0 0.567250 0.080000 0.009500 0.028000
1 0.594500 0.100333 0.073000 0.063333
0 0.501750 0.109667 0.009500 0.039333
0 0.488750 0.120333 0.012500 0.036667
0 0.621750 0.019000 0.006500 0.038000
0 0.610250 0.013000 0.009500 0.024667
0 0.560500 0.044667 0.009000 0.040000
0 0.551250 0.037000 0.010500 0.035333
0 0.534750 0.062667 0.011500 0.037333
0 0.526000 0.050000 0.009000 0.038667
2 0.461750 0.069667 0.027500 0.023333
0 0.382250 0.114667 0.010500 0.025333
0 0.384500 0.105000 0.016000 0.032667
0 0.384750 0.088333 0.009500 0.032667
0 0.590500 0.366000 0.013000 0.025333
0 0.569250 0.367667 0.012500 0.032667
0 0.562750 0.338333 0.011500 0.022000
2 0.568000 0.332000 0.030000 0.034667
1 0.536750 0.243667 0.074500 0.096667
2 0.468250 0.230333 0.024500 0.022000
0 0.812500 0.017000 0.012000 0.034000
0 0.824750 0.014667 0.009500 0.029333
2 0.942750 0.092000 0.023500 0.042667
2 0.963750 0.067000 0.028500 0.032667
0 0.306000 0.096000 0.022000 0.038667
2 0.266500 0.051667 0.015000 0.028667
1 0.018000 0.030667 0.036000 0.053333
2 0.360500 0.366667 0.015000 0.041333
2 0.382000 0.373000 0.026000 0.040667
2 0.411250 0.421000 0.021500 0.028667
2 0.438750 0.553000 0.028500 0.036667
2 0.419750 0.562667 0.024500 0.030667
2 0.280250 0.675667 0.037500 0.039333
1 0.400500 0.457667 0.083000 0.106000
0 0.403250 0.554667 0.010500 0.028000
0 0.162250 0.544000 0.025500 0.028000
0 0.164250 0.611667 0.026500 0.026000
0 0.121750 0.556000 0.037500 0.025333
0 0.093500 0.563000 0.030000 0.026000
