1 0.538622 0.065863 0.007307 0.014842
1 0.547756 0.048237 0.007829 0.011132
1 0.553236 0.109926 0.008351 0.015770
2 0.471033 0.180427 0.003653 0.008349
2 0.473904 0.135900 0.004175 0.006494
2 0.566545 0.083488 0.003653 0.003711
2 0.576722 0.186456 0.003132 0.007421
2 0.612213 0.325139 0.006263 0.015770
2 0.630480 0.359926 0.005219 0.016698
0 0.595772 0.245362 0.003653 0.015770
0 0.595251 0.235622 0.003653 0.011132
2 0.571764 0.232839 0.003653 0.012987
2 0.339248 0.746289 0.013570 0.045455
2 0.364301 0.599722 0.007307 0.026902
2 0.370042 0.543599 0.008351 0.018553
2 0.687370 0.572820 0.009395 0.025046
