1 0.764286 0.712381 0.051429 0.099048
2 0.403929 0.574762 0.013571 0.048571
2 0.420357 0.548095 0.017857 0.040952
2 0.402500 0.520476 0.017857 0.056190
1 0.255000 0.523333 0.062857 0.126667
1 0.176071 0.509524 0.062143 0.125714
2 0.155357 0.436190 0.039286 0.022857
2 0.166071 0.346667 0.022143 0.045714
2 0.185357 0.350000 0.023571 0.042857
2 0.226071 0.359524 0.029286 0.048571
2 0.247143 0.358571 0.025714 0.050476
2 0.191786 0.306190 0.029286 0.044762
2 0.208214 0.312381 0.020714 0.047619
2 0.226786 0.312381 0.016429 0.055238
2 0.269643 0.346667 0.023571 0.053333
2 0.276786 0.370952 0.019286 0.044762
2 0.294643 0.356190 0.019286 0.047619
2 0.308929 0.372381 0.017857 0.053333
2 0.309286 0.330952 0.017143 0.050476
2 0.308571 0.297619 0.037143 0.025714
2 0.307857 0.280000 0.038571 0.026667
0 0.163571 0.309524 0.022857 0.032381
0 0.457500 0.365714 0.015000 0.028571
0 0.470000 0.467143 0.014286 0.021905
0 0.480357 0.476667 0.013571 0.023810
0 0.506071 0.465238 0.017857 0.025714
0 0.540714 0.440000 0.022857 0.034286
2 0.456786 0.297619 0.013571 0.040952
0 0.437857 0.250476 0.010000 0.028571
0 0.711071 0.336190 0.015000 0.026667
0 0.869643 0.482857 0.023571 0.017143
0 0.921071 0.525714 0.023571 0.022857
0 0.924286 0.512381 0.024286 0.019048
0 0.927857 0.548095 0.028571 0.023810
2 0.927500 0.559524 0.039286 0.016190
0 0.977500 0.441905 0.026429 0.024762
