1 0.980357 0.619048 0.033571 0.034286
1 0.740357 0.255714 0.006429 0.008571
1 0.561786 0.256190 0.005000 0.007619
1 0.597143 0.369048 0.008571 0.012381
2 0.618929 0.651905 0.006429 0.020000
1 0.406429 0.366190 0.024286 0.014286
1 0.329643 0.500952 0.029286 0.019048
1 0.319286 0.521429 0.030000 0.020000
1 0.307500 0.540952 0.030714 0.019048
1 0.295357 0.562857 0.030714 0.020952
1 0.224286 0.659048 0.042857 0.026667
1 0.117857 0.712381 0.038571 0.051429
1 0.139286 0.672857 0.034286 0.035238
1 0.192857 0.612857 0.031429 0.033333
1 0.194643 0.711429 0.035000 0.036190
1 0.168214 0.749048 0.039286 0.033333
1 0.083929 0.873333 0.067857 0.047619
1 0.028929 0.975238 0.057857 0.045714
