0 0.477250 0.712667 0.007500 0.025333
0 0.452500 0.709667 0.011000 0.026000
0 0.426000 0.707000 0.007000 0.026000
0 0.447500 0.685333 0.009000 0.029333
0 0.456250 0.613333 0.008500 0.024000
0 0.466250 0.614667 0.006500 0.024000
0 0.528250 0.309667 0.004500 0.018000
0 0.530250 0.313667 0.004500 0.016667
1 0.531250 0.324333 0.042500 0.020667
1 0.374750 0.317667 0.040500 0.024667
1 0.321000 0.319667 0.039000 0.023333
1 0.204250 0.316000 0.042500 0.024000
2 0.259500 0.246667 0.007000 0.017333
2 0.654250 0.238667 0.006500 0.014667
2 0.662000 0.240000 0.008000 0.016000
2 0.673750 0.247000 0.005500 0.015333
2 0.681500 0.249000 0.007000 0.019333
2 0.688750 0.253333 0.008500 0.014667
2 0.712000 0.263000 0.007000 0.011333
2 0.720000 0.268000 0.006000 0.014667
2 0.727250 0.269667 0.007500 0.015333
2 0.737500 0.272667 0.006000 0.013333
0 0.743750 0.273000 0.005500 0.018000
0 0.303750 0.306667 0.003500 0.018667
