1 0.356071 0.280476 0.033571 0.023810
0 0.327143 0.279048 0.005714 0.015238
0 0.330000 0.277143 0.005714 0.017143
1 0.347500 0.199048 0.023571 0.017143
1 0.416429 0.047143 0.008571 0.016190
1 0.385357 0.005238 0.006429 0.010476
1 0.608214 0.352857 0.020714 0.029524
1 0.437143 0.326190 0.020000 0.037143
1 0.542857 0.500000 0.022857 0.045714
1 0.480000 0.371905 0.022857 0.039048
1 0.391071 0.055714 0.010714 0.016190
1 0.448214 0.244286 0.013571 0.029524
1 0.440714 0.216190 0.014286 0.024762
1 0.313929 0.955238 0.067857 0.060952
1 0.988214 0.897619 0.023571 0.050476
2 0.755000 0.510476 0.015714 0.013333
2 0.681429 0.470952 0.011429 0.018095
2 0.436786 0.543333 0.007857 0.020000
2 0.451786 0.554286 0.009286 0.020952
