1 0.697750 0.061333 0.011500 0.020000
1 0.696250 0.015000 0.012500 0.023333
1 0.701000 0.099000 0.016000 0.024667
1 0.704500 0.181333 0.018000 0.029333
0 0.695000 0.305000 0.007000 0.023333
0 0.704500 0.303667 0.008000 0.023333
0 0.741250 0.327667 0.005500 0.022000
0 0.746000 0.330333 0.007000 0.023333
0 0.750500 0.352333 0.007000 0.022000
0 0.756750 0.353000 0.006500 0.022000
2 0.706250 0.755333 0.010500 0.033333
1 0.584500 0.616667 0.031000 0.084000
1 0.158500 0.902667 0.060000 0.069333
1 0.250000 0.708667 0.053000 0.089333
1 0.327750 0.542667 0.039500 0.062667
1 0.460250 0.565000 0.037500 0.078000
1 0.378250 0.433667 0.031500 0.052667
1 0.402750 0.357667 0.025500 0.042000
1 0.506500 0.318333 0.025000 0.047333
1 0.551000 0.282333 0.022000 0.044667
1 0.617250 0.220667 0.022500 0.038667
1 0.537500 0.223667 0.017000 0.036667
1 0.499750 0.093667 0.014500 0.027333
1 0.509000 0.069000 0.015000 0.024667
1 0.523500 0.035000 0.006000 0.018000
1 0.470250 0.059000 0.023500 0.019333
1 0.479500 0.027333 0.014000 0.021333
1 0.464000 0.024000 0.012000 0.022667
0 0.450750 0.130333 0.006500 0.016667
0 0.445250 0.131333 0.005500 0.017333
