1 0.765500 0.963667 0.082000 0.072667
1 0.648750 0.962333 0.078500 0.075333
0 0.757250 0.794333 0.020500 0.024667
2 0.694250 0.798333 0.024500 0.055333
0 0.702000 0.770333 0.019000 0.027333
2 0.623500 0.861667 0.029000 0.047333
1 0.532250 0.784333 0.078500 0.123333
2 0.589000 0.799000 0.028000 0.047333
0 0.754500 0.868333 0.013000 0.020667
0 0.737250 0.816667 0.014500 0.018667
0 0.637500 0.673667 0.014000 0.015333
0 0.641000 0.654333 0.022000 0.031333
1 0.752750 0.499667 0.090500 0.136667
2 0.984250 0.223000 0.031500 0.048667
2 0.983000 0.204000 0.034000 0.042667
2 0.906500 0.186667 0.031000 0.054667
2 0.846250 0.251333 0.037500 0.053333
1 0.789500 0.223667 0.105000 0.092667
1 0.765000 0.170333 0.054000 0.070000
0 0.481500 0.352333 0.019000 0.023333
2 0.375250 0.221333 0.022500 0.040000
0 0.326750 0.126000 0.020500 0.030667
0 0.314250 0.122667 0.019500 0.033333
0 0.303000 0.129000 0.022000 0.034000
0 0.278250 0.285333 0.023500 0.026667
0 0.342000 0.196667 0.021000 0.029333
0 0.329500 0.211333 0.022000 0.029333
0 0.317250 0.216333 0.020500 0.032667
0 0.310500 0.372667 0.020000 0.020000
0 0.347250 0.406000 0.019500 0.016000
0 0.393250 0.465000 0.013500 0.020667
2 0.388500 0.429333 0.027000 0.044000
0 0.392750 0.428333 0.017500 0.028667
0 0.123250 0.064667 0.028500 0.042667
