1 0.499478 0.856679 0.064718 0.086271
1 0.495042 0.773655 0.046451 0.085343
1 0.560282 0.725881 0.055846 0.071429
2 0.529228 0.704082 0.013570 0.031540
0 0.441806 0.722171 0.008873 0.036178
0 0.452766 0.716141 0.005741 0.037106
0 0.649269 0.576994 0.006263 0.024119
0 0.653445 0.581633 0.007307 0.014842
0 0.650313 0.570037 0.006263 0.021336
2 0.674061 0.571892 0.017223 0.019481
1 0.709029 0.593228 0.051670 0.064007
1 0.799582 0.504638 0.027140 0.050093
0 0.750522 0.514378 0.009395 0.023191
2 0.414666 0.783859 0.022443 0.035250
2 0.716336 0.550557 0.018267 0.023191
2 0.730428 0.534787 0.012004 0.030612
2 0.818894 0.467069 0.018789 0.023191
2 0.807933 0.453618 0.009395 0.025974
2 0.546712 0.692022 0.017223 0.029685
2 0.404228 0.790816 0.013048 0.032468
2 0.707463 0.517625 0.014092 0.014842
2 0.716858 0.512987 0.007829 0.012987
2 0.188674 0.938776 0.041232 0.046382
2 0.184760 0.924861 0.037578 0.048237
