0 0.606071 0.913810 0.009286 0.018095
0 0.578571 0.860476 0.007143 0.012381
0 0.798571 0.450000 0.011429 0.023810
0 0.771786 0.395714 0.010714 0.020000
0 0.613571 0.115714 0.012857 0.025714
0 0.186429 0.091429 0.015714 0.026667
0 0.091071 0.289048 0.013571 0.020000
0 0.098571 0.312381 0.015714 0.019048
2 0.221071 0.043810 0.022143 0.041905
2 0.245714 0.040476 0.021429 0.035238
2 0.239643 0.195238 0.022143 0.036190
2 0.026429 0.450476 0.030000 0.032381
2 0.052500 0.661905 0.030714 0.022857
2 0.260714 0.575238 0.031429 0.019048
2 0.285357 0.624762 0.019286 0.043810
2 0.266786 0.632381 0.020714 0.036190
2 0.258214 0.644286 0.017857 0.035238
2 0.240714 0.656667 0.022857 0.035238
2 0.230357 0.703333 0.027857 0.031429
2 0.553929 0.869524 0.027857 0.020952
2 0.686071 0.558571 0.017857 0.040952
2 0.750714 0.609048 0.034286 0.018095
2 0.861429 0.534286 0.017143 0.040000
2 0.768214 0.497619 0.036429 0.023810
2 0.720714 0.312381 0.034286 0.022857
2 0.825000 0.384762 0.015714 0.036190
2 0.805714 0.318095 0.018571 0.038095
1 0.850000 0.947143 0.070000 0.105714
1 0.593929 0.948095 0.062143 0.103810
1 0.543929 0.686667 0.059286 0.106667
1 0.586071 0.592381 0.056429 0.083810
1 0.777500 0.691429 0.047857 0.102857
1 0.736786 0.547143 0.052143 0.098095
1 0.706786 0.446667 0.049286 0.087619
1 0.625357 0.418571 0.040714 0.100000
2 0.588571 0.194762 0.020000 0.037143
1 0.551786 0.316667 0.067857 0.080952
1 0.414643 0.649048 0.060714 0.092381
