2 0.736750 0.810667 0.040500 0.084000
0 0.666000 0.733000 0.031000 0.088667
0 0.732250 0.494333 0.012500 0.052667
0 0.676750 0.483333 0.017500 0.038667
0 0.668000 0.421667 0.010000 0.036667
0 0.658250 0.413000 0.009500 0.031333
0 0.669250 0.411667 0.012500 0.035333
0 0.772750 0.419333 0.014500 0.042667
1 0.655000 0.327000 0.047000 0.020667
1 0.600000 0.340000 0.046000 0.025333
0 0.765250 0.378333 0.010500 0.031333
0 0.905750 0.426333 0.018500 0.043333
0 0.885500 0.386333 0.014000 0.031333
2 0.883000 0.445000 0.016000 0.034000
2 0.791500 0.337333 0.009000 0.017333
1 0.782500 0.317333 0.018000 0.021333
1 0.826000 0.305000 0.020000 0.019333
0 0.881000 0.313000 0.006000 0.020667
2 0.802000 0.287000 0.005000 0.011333
0 0.819250 0.265000 0.004500 0.011333
1 0.840500 0.290333 0.015000 0.015333
1 0.831250 0.278333 0.014500 0.014000
1 0.830500 0.271667 0.012000 0.011333
1 0.820750 0.255000 0.013500 0.010000
