1 0.338214 0.613810 0.017857 0.033333
1 0.347143 0.558095 0.012857 0.024762
1 0.302500 0.512857 0.012143 0.018095
1 0.276071 0.596190 0.015000 0.028571
1 0.276429 0.565238 0.018571 0.027619
2 0.210714 0.778095 0.015714 0.020952
2 0.297500 0.729048 0.005000 0.023810
2 0.323214 0.594286 0.005000 0.019048
2 0.312857 0.580000 0.008571 0.013333
2 0.346429 0.517143 0.004286 0.013333
0 0.497500 0.677619 0.007857 0.025714
0 0.442857 0.350476 0.002857 0.007619
0 0.440000 0.352381 0.002857 0.011429
1 0.292143 0.507143 0.011429 0.021905
0 0.358571 0.440476 0.004286 0.008571
0 0.382500 0.439524 0.002143 0.010476
0 0.356786 0.425714 0.002143 0.009524
