0 0.983038 0.456865 0.010960 0.021336
0 0.852557 0.344620 0.009916 0.023191
0 0.822808 0.335807 0.007829 0.018553
2 0.806889 0.294527 0.013570 0.019481
2 0.819937 0.271336 0.014614 0.019481
2 0.841075 0.206401 0.014092 0.013915
2 0.908142 0.096475 0.013570 0.016698
2 0.917797 0.082560 0.012004 0.014842
1 0.852818 0.039425 0.024008 0.019481
1 0.867432 0.022263 0.015658 0.020408
1 0.877610 0.008349 0.015136 0.016698
1 0.789666 0.063080 0.017745 0.029685
1 0.809760 0.035250 0.016180 0.025974
1 0.753392 0.314471 0.030793 0.042672
1 0.697547 0.218924 0.023486 0.035250
1 0.662578 0.272263 0.025574 0.043599
2 0.636221 0.313544 0.012526 0.012987
2 0.611952 0.316327 0.012004 0.022263
2 0.623956 0.306122 0.005741 0.020408
0 0.626044 0.278757 0.005741 0.019481
1 0.608820 0.432282 0.030793 0.051948
1 0.585073 0.575139 0.034447 0.059369
1 0.378653 0.515306 0.034969 0.058442
1 0.210595 0.734694 0.051670 0.074212
