1 0.411429 0.053810 0.012857 0.031429
1 0.454643 0.075238 0.010714 0.030476
1 0.452857 0.111905 0.010000 0.029524
1 0.454643 0.162381 0.010714 0.029524
1 0.406071 0.191429 0.022143 0.017143
1 0.359643 0.164286 0.022143 0.020000
1 0.364286 0.177619 0.020000 0.018095
1 0.368571 0.190952 0.021429 0.018095
1 0.371071 0.229048 0.019286 0.014286
1 0.377143 0.259524 0.010000 0.027619
1 0.415357 0.301905 0.012143 0.028571
1 0.302500 0.275238 0.020714 0.013333
1 0.358214 0.432381 0.015000 0.028571
1 0.369286 0.424286 0.015714 0.027619
1 0.381786 0.418571 0.015000 0.029524
1 0.391429 0.409048 0.014286 0.029524
1 0.338929 0.478095 0.020714 0.019048
1 0.365357 0.520952 0.015000 0.024762
1 0.388929 0.506190 0.012143 0.025714
1 0.400000 0.492857 0.011429 0.027619
1 0.410000 0.482381 0.011429 0.027619
1 0.438571 0.470952 0.008571 0.027619
1 0.770000 0.004286 0.021429 0.008571
1 0.712500 0.101905 0.020714 0.015238
1 0.962143 0.465238 0.012857 0.027619
1 0.972500 0.471905 0.012143 0.027619
1 0.478571 0.673333 0.010000 0.030476
1 0.580357 0.569524 0.010714 0.030476
2 0.488929 0.337143 0.003571 0.011429
1 0.013214 0.045238 0.019286 0.033333
1 0.009643 0.070000 0.019286 0.037143
