1 0.505357 0.884762 0.025000 0.080000
1 0.547500 0.773810 0.023571 0.063810
1 0.515000 0.643333 0.021429 0.052381
1 0.561071 0.519048 0.017857 0.034286
1 0.578214 0.273333 0.012143 0.022857
1 0.565357 0.196667 0.010714 0.020000
1 0.565357 0.046190 0.006429 0.010476
1 0.577857 0.054762 0.007143 0.010476
1 0.586429 0.062857 0.007143 0.009524
1 0.558571 0.127619 0.008571 0.015238
1 0.554643 0.183810 0.009286 0.019048
1 0.535714 0.376667 0.014286 0.035238
2 0.581786 0.067619 0.003571 0.009524
2 0.534286 0.447143 0.005714 0.018095
2 0.528929 0.489524 0.006429 0.020952
2 0.542857 0.471905 0.007143 0.020000
2 0.562857 0.455714 0.008571 0.018095
2 0.578214 0.430000 0.006429 0.018095
2 0.491786 0.577619 0.010714 0.021905
0 0.524286 0.253810 0.004286 0.014286
0 0.586429 0.212381 0.002857 0.011429
