1 0.412500 0.238571 0.015000 0.006667
1 0.421429 0.230476 0.015714 0.007619
1 0.426429 0.226667 0.012857 0.007619
1 0.389643 0.228571 0.012143 0.007619
1 0.310000 0.288095 0.022857 0.012381
1 0.513571 0.204286 0.007143 0.008571
1 0.510000 0.213333 0.005714 0.007619
1 0.248571 0.888571 0.070000 0.129524
1 0.422500 0.400476 0.015000 0.021905
1 0.261429 0.526190 0.025714 0.039048
1 0.384643 0.453333 0.023571 0.034286
1 0.314286 0.435714 0.015714 0.029524
1 0.455000 0.355238 0.012857 0.019048
1 0.472857 0.295714 0.011429 0.018095
1 0.485357 0.258571 0.009286 0.012381
1 0.471786 0.276667 0.009286 0.014286
0 0.296429 0.426667 0.005714 0.017143
0 0.357857 0.409524 0.002857 0.013333
0 0.299286 0.422381 0.004286 0.014286
0 0.318214 0.403810 0.005000 0.015238
0 0.451071 0.300000 0.003571 0.011429
0 0.508571 0.518571 0.007143 0.021905
0 0.505357 0.558095 0.007857 0.022857
0 0.513929 0.655714 0.007857 0.025714
0 0.503929 0.610476 0.009286 0.026667
0 0.493571 0.570000 0.005714 0.023810
0 0.499286 0.755238 0.011429 0.028571
2 0.762143 0.522381 0.008571 0.012381
0 0.580357 0.470000 0.010714 0.025714
0 0.567857 0.491429 0.004286 0.019048
1 0.427500 0.197619 0.010714 0.004762
