1 0.400357 0.488095 0.017857 0.040952
1 0.386071 0.370000 0.013571 0.029524
1 0.396429 0.310476 0.014286 0.026667
1 0.402143 0.240000 0.012857 0.024762
1 0.399286 0.103333 0.008571 0.014286
1 0.392143 0.210476 0.011429 0.020952
0 0.409643 0.083810 0.005000 0.013333
0 0.206786 0.226667 0.007857 0.015238
0 0.203214 0.230952 0.005000 0.012381
0 0.195714 0.229048 0.005714 0.012381
0 0.236429 0.130952 0.005714 0.014286
1 0.555357 0.853810 0.059286 0.046667
1 0.551786 0.803333 0.059286 0.040952
1 0.725714 0.790476 0.062857 0.041905
1 0.735714 0.836667 0.061429 0.046667
2 0.806429 0.812381 0.024286 0.019048
2 0.781786 0.751905 0.022143 0.018095
2 0.734643 0.690952 0.022143 0.014286
2 0.735714 0.669048 0.020000 0.020000
2 0.721429 0.648571 0.017143 0.015238
2 0.693214 0.627619 0.020714 0.020952
2 0.691429 0.613333 0.010000 0.020952
2 0.726429 0.621429 0.020000 0.014286
2 0.708571 0.608095 0.011429 0.025714
2 0.754643 0.639048 0.016429 0.011429
0 0.720000 0.693810 0.005714 0.020000
0 0.730357 0.552381 0.007857 0.015238
2 0.120714 0.390952 0.014286 0.014286
0 0.119643 0.390000 0.006429 0.016190
2 0.195714 0.320952 0.007143 0.013333
0 0.196071 0.316667 0.003571 0.012381
0 0.441071 0.653810 0.006429 0.018095
0 0.445000 0.855714 0.007143 0.023810
0 0.697500 0.984286 0.009286 0.018095
2 0.659286 0.504286 0.008571 0.025714
2 0.674643 0.510000 0.007857 0.025714
2 0.737857 0.494762 0.008571 0.020000
2 0.718571 0.603810 0.010000 0.022857
2 0.725714 0.601905 0.011429 0.024762
0 0.640000 0.437143 0.005714 0.015238
0 0.646071 0.429524 0.005000 0.017143
