0 0.981250 0.906667 0.037500 0.058667
2 0.860500 0.883667 0.058000 0.100667
0 0.257250 0.983667 0.029500 0.032667
0 0.267500 0.859333 0.034000 0.048000
0 0.503500 0.737667 0.023000 0.055333
0 0.702000 0.717000 0.020000 0.051333
0 0.664500 0.685667 0.032000 0.066000
1 0.661750 0.521667 0.123500 0.187333
0 0.473500 0.444000 0.019000 0.076000
0 0.476750 0.320333 0.013500 0.059333
0 0.493250 0.166333 0.009500 0.046000
0 0.478500 0.161000 0.013000 0.050000
0 0.519500 0.161333 0.010000 0.042667
0 0.541750 0.159333 0.009500 0.049333
0 0.561250 0.145333 0.011500 0.048000
0 0.581250 0.142000 0.017500 0.041333
0 0.452250 0.145000 0.015500 0.047333
0 0.456500 0.151000 0.010000 0.043333
0 0.469250 0.156667 0.010500 0.049333
0 0.478500 0.140333 0.013000 0.046000
0 0.492750 0.154000 0.010500 0.046667
0 0.499500 0.159000 0.011000 0.046000
0 0.504750 0.154000 0.009500 0.045333
0 0.512250 0.145000 0.015500 0.048667
0 0.526250 0.146000 0.010500 0.049333
0 0.551000 0.148000 0.015000 0.046667
0 0.558000 0.127333 0.014000 0.049333
0 0.601500 0.133667 0.010000 0.042000
0 0.590500 0.139667 0.011000 0.044667
0 0.598000 0.141667 0.009000 0.032667
0 0.601250 0.122667 0.010500 0.041333
0 0.543500 0.127333 0.013000 0.036000
2 0.455250 0.181333 0.034500 0.030667
2 0.602500 0.154000 0.031000 0.026667
2 0.373000 0.155667 0.032000 0.028667
2 0.455000 0.035000 0.010000 0.028667
0 0.635750 0.155667 0.012500 0.051333
0 0.697750 0.095333 0.014500 0.044000
0 0.870000 0.046333 0.015000 0.040667
0 0.882000 0.055333 0.015000 0.036000
0 0.988000 0.082667 0.020000 0.040000
0 0.967000 0.098333 0.018000 0.043333
0 0.960500 0.100000 0.017000 0.041333
0 0.950500 0.095667 0.015000 0.044667
2 0.951750 0.222667 0.024500 0.036000
2 0.457750 0.415667 0.022500 0.055333
2 0.411250 0.371333 0.035500 0.050667
2 0.400500 0.395667 0.031000 0.046000
0 0.385000 0.374333 0.031000 0.050000
0 0.585500 0.241667 0.022000 0.056667
0 0.365750 0.291000 0.016500 0.055333
0 0.295000 0.233667 0.016000 0.043333
0 0.157250 0.069667 0.013500 0.038000
0 0.157750 0.115333 0.017500 0.042667
0 0.143750 0.129000 0.018500 0.044667
2 0.193250 0.163333 0.023500 0.038667
1 0.201500 0.027667 0.066000 0.035333
1 0.258000 0.016333 0.072000 0.031333
1 0.092750 0.020333 0.034500 0.036667
1 0.047750 0.039667 0.068500 0.044667
1 0.023250 0.017000 0.032500 0.034000
1 0.104500 0.476333 0.097000 0.139333
2 0.116250 0.368667 0.023500 0.057333
