0 0.420000 0.733333 0.023000 0.058667
0 0.393000 0.732333 0.021000 0.055333
0 0.649000 0.600333 0.022000 0.054000
0 0.592000 0.543000 0.026000 0.055333
0 0.395750 0.469667 0.017500 0.048667
1 0.084250 0.353667 0.100500 0.055333
1 0.193750 0.256000 0.084500 0.049333
1 0.845750 0.245667 0.083500 0.048667
1 0.422500 0.154000 0.027000 0.046667
1 0.380500 0.148000 0.028000 0.041333
0 0.468250 0.103667 0.010500 0.028667
0 0.401000 0.127667 0.007000 0.030000
1 0.442250 0.040000 0.018500 0.024000
0 0.429750 0.039667 0.006500 0.024667
1 0.428750 0.008667 0.016500 0.017333
