2 0.607000 0.862333 0.024000 0.040667
0 0.553750 0.839667 0.010500 0.044667
0 0.543000 0.838667 0.011000 0.046667
0 0.531000 0.822000 0.014000 0.052000
0 0.555000 0.684333 0.008000 0.031333
0 0.540250 0.697667 0.008500 0.032667
0 0.540000 0.688000 0.008000 0.032000
0 0.551500 0.648333 0.007000 0.023333
0 0.563750 0.668000 0.005500 0.021333
0 0.551000 0.597333 0.005000 0.021333
1 0.600250 0.543333 0.027500 0.017333
1 0.655750 0.522333 0.027500 0.014000
1 0.662000 0.542000 0.032000 0.012000
2 0.582750 0.548667 0.014500 0.010667
0 0.570750 0.573667 0.004500 0.020667
1 0.478000 0.635000 0.026000 0.040667
0 0.503250 0.600000 0.005500 0.021333
2 0.499000 0.640000 0.007000 0.020000
2 0.511000 0.638000 0.007000 0.021333
0 0.484750 0.558000 0.004500 0.017333
1 0.491000 0.549333 0.015000 0.021333
0 0.529250 0.551333 0.004500 0.018667
0 0.536250 0.553000 0.004500 0.018000
0 0.540500 0.552333 0.005000 0.020667
1 0.495500 0.537000 0.013000 0.018000
1 0.495250 0.522667 0.012500 0.016000
1 0.496750 0.509667 0.011500 0.016667
0 0.503000 0.506000 0.003000 0.013333
0 0.505500 0.499667 0.004000 0.012667
1 0.521750 0.535333 0.013500 0.016000
1 0.553750 0.537667 0.018500 0.015333
0 0.553250 0.524667 0.003500 0.017333
2 0.534500 0.530333 0.004000 0.011333
2 0.529750 0.518667 0.005500 0.010667
0 0.531750 0.509667 0.004500 0.014000
0 0.535500 0.513333 0.004000 0.012000
0 0.524500 0.505000 0.003000 0.012667
1 0.522250 0.447333 0.013500 0.008000
0 0.517250 0.445667 0.002500 0.008667
1 0.597000 0.483000 0.017000 0.015333
1 0.569000 0.468000 0.008000 0.010667
0 0.600500 0.473333 0.004000 0.009333
1 0.476000 0.449333 0.015000 0.008000
