1 0.441429 0.444762 0.035714 0.043810
1 0.411786 0.399524 0.033571 0.046667
1 0.662500 0.620952 0.049286 0.038095
1 0.726071 0.705238 0.055000 0.048571
1 0.620357 0.566667 0.052143 0.038095
1 0.633571 0.684762 0.054286 0.030476
1 0.391786 0.646667 0.056429 0.060952
1 0.597143 0.280000 0.034286 0.032381
0 0.413929 0.290476 0.007857 0.017143
0 0.365000 0.271429 0.007143 0.017143
1 0.418214 0.157619 0.029286 0.027619
1 0.826071 0.634762 0.050714 0.056190
2 0.418214 0.510476 0.016429 0.019048
0 0.167500 0.516667 0.012143 0.016190
0 0.041071 0.656190 0.017857 0.015238
2 0.076429 0.493333 0.014286 0.022857
1 0.273571 0.250952 0.035714 0.025714
2 0.443571 0.139048 0.011429 0.013333
2 0.402143 0.121905 0.011429 0.011429
0 0.648571 0.533810 0.005714 0.012381
1 0.946786 0.197143 0.029286 0.028571
1 0.805714 0.176667 0.025714 0.027619
