2 0.864286 0.234286 0.010000 0.019048
2 0.887857 0.264286 0.010000 0.020000
2 0.807500 0.420476 0.016429 0.018095
2 0.751071 0.461429 0.022143 0.012381
0 0.636071 0.518095 0.009286 0.017143
0 0.612857 0.531429 0.008571 0.015238
0 0.823929 0.036190 0.005000 0.017143
1 0.828214 0.222857 0.023571 0.028571
1 0.360000 0.127143 0.032857 0.018095
1 0.359643 0.140000 0.032143 0.017143
1 0.416429 0.073333 0.010000 0.019048
1 0.420714 0.088571 0.011429 0.019048
1 0.407857 0.042381 0.012857 0.018095
1 0.286429 0.223810 0.014286 0.030476
0 0.313929 0.615714 0.007857 0.021905
0 0.371786 0.600952 0.009286 0.020952
0 0.540000 0.583810 0.008571 0.019048
1 0.723571 0.517143 0.040000 0.068571
0 0.063929 0.701429 0.017857 0.018095
