1 0.542000 0.810333 0.055000 0.040667
1 0.531250 0.754333 0.047500 0.035333
1 0.656250 0.752333 0.034500 0.071333
1 0.519500 0.720000 0.047000 0.041333
1 0.518250 0.684667 0.046500 0.041333
1 0.495500 0.568333 0.043000 0.038000
1 0.478500 0.494000 0.042000 0.034667
1 0.461000 0.427000 0.044000 0.028667
1 0.507250 0.260333 0.036500 0.031333
1 0.495750 0.217000 0.031500 0.026000
1 0.434000 0.276667 0.039000 0.029333
1 0.421000 0.219667 0.037000 0.026000
1 0.479750 0.164333 0.031500 0.026000
1 0.411750 0.173667 0.031500 0.026000
1 0.410250 0.155667 0.031500 0.026000
1 0.468250 0.130333 0.031500 0.026000
1 0.462250 0.105000 0.031500 0.026000
1 0.402750 0.056000 0.021500 0.020000
1 0.452500 0.064333 0.029000 0.019333
1 0.446250 0.049667 0.029500 0.019333
1 0.383500 0.037333 0.024000 0.021333
1 0.438500 0.025333 0.027000 0.020000
1 0.436250 0.008000 0.025500 0.016000
1 0.377500 0.013333 0.026000 0.018667
2 0.375000 0.022333 0.012000 0.010000
0 0.359000 0.034667 0.006000 0.021333
0 0.523000 0.367667 0.006000 0.014000
0 0.382000 0.211333 0.004000 0.014667
0 0.392500 0.211000 0.006000 0.016667
0 0.397000 0.204000 0.006000 0.017333
0 0.387000 0.202000 0.005000 0.016000
2 0.384500 0.213667 0.012000 0.014000
0 0.445000 0.548667 0.006000 0.017333
0 0.447750 0.544000 0.005500 0.017333
1 0.920500 0.591667 0.039000 0.058000
1 0.866000 0.480667 0.035000 0.048000
1 0.739250 0.313000 0.028500 0.038000
1 0.728750 0.400333 0.027500 0.047333
2 0.698250 0.214000 0.008500 0.013333
2 0.701500 0.209000 0.009000 0.016667
0 0.863500 0.060667 0.005000 0.016000
