1 0.115000 0.389000 0.016000 0.010000
1 0.101500 0.391333 0.015000 0.010667
1 0.067500 0.386000 0.008000 0.009333
1 0.088000 0.399333 0.016000 0.012000
2 0.114250 0.409667 0.004500 0.006000
1 0.121000 0.419000 0.015000 0.015333
1 0.131750 0.425667 0.016500 0.015333
1 0.145750 0.433000 0.021500 0.019333
1 0.158750 0.440000 0.025500 0.017333
1 0.173500 0.446667 0.019000 0.020000
1 0.185750 0.421000 0.019500 0.014000
1 0.169250 0.430000 0.022500 0.016000
1 0.199500 0.426667 0.021000 0.014667
1 0.219250 0.424000 0.015500 0.014667
1 0.244750 0.444667 0.026500 0.018667
1 0.223750 0.474333 0.029500 0.022000
1 0.244000 0.486667 0.029000 0.022667
1 0.280750 0.465333 0.027500 0.020000
1 0.268000 0.398000 0.018000 0.012000
1 0.270000 0.501000 0.032000 0.024667
1 0.307250 0.476000 0.031500 0.020000
1 0.298750 0.516333 0.035500 0.024667
1 0.332250 0.489667 0.028500 0.023333
1 0.330000 0.535667 0.036000 0.030000
1 0.363000 0.553000 0.040000 0.032667
1 0.432750 0.532667 0.044500 0.032000
1 0.479500 0.552000 0.046000 0.036000
1 0.446500 0.603333 0.047000 0.036000
1 0.541000 0.579000 0.049000 0.035333
1 0.600000 0.522333 0.033000 0.026000
0 0.522500 0.676667 0.005000 0.021333
0 0.531500 0.666000 0.008000 0.036000
1 0.583250 0.676000 0.072500 0.052000
1 0.687000 0.613000 0.034000 0.046000
1 0.833500 0.698000 0.070000 0.066667
0 0.104250 0.428333 0.004500 0.015333
0 0.098750 0.425667 0.004500 0.015333
0 0.033750 0.451333 0.008500 0.017333
0 0.030000 0.447333 0.006000 0.016000
1 0.911000 0.471667 0.032000 0.023333
0 0.362750 0.427667 0.002500 0.008667
0 0.365500 0.424333 0.003000 0.014000
0 0.459500 0.406667 0.002000 0.009333
0 0.466250 0.418000 0.002500 0.013333
0 0.467250 0.415667 0.001500 0.006000
0 0.472000 0.417000 0.002000 0.012667
1 0.158250 0.409667 0.020500 0.014000
1 0.152000 0.404667 0.015000 0.013333
1 0.141250 0.397000 0.013500 0.011333
1 0.131250 0.394667 0.016500 0.012000
1 0.140250 0.409667 0.020500 0.014000
1 0.141250 0.419333 0.017500 0.016000
1 0.425250 0.389333 0.022500 0.013333
1 0.417500 0.385667 0.025000 0.014000
1 0.287000 0.365667 0.017000 0.011333
0 0.434000 0.364333 0.004000 0.008667
0 0.441250 0.364000 0.004500 0.012000
0 0.431000 0.363000 0.004000 0.010000
0 0.373750 0.386000 0.003500 0.010667
0 0.391750 0.398667 0.005500 0.014667
1 0.054000 0.361667 0.009000 0.008667
1 0.066750 0.367000 0.012500 0.012667
1 0.076500 0.368333 0.011000 0.016667
1 0.045500 0.355000 0.009000 0.010000
1 0.042750 0.350000 0.019500 0.010667
1 0.020000 0.345667 0.009000 0.007333
1 0.016250 0.342667 0.009500 0.006667
1 0.014500 0.343000 0.012000 0.008667
1 0.010000 0.337667 0.013000 0.011333
