1 0.985357 0.593810 0.029286 0.052381
1 0.584286 0.910952 0.047143 0.094286
1 0.279286 0.784286 0.031429 0.080952
1 0.782857 0.416190 0.035714 0.040000
1 0.809286 0.419524 0.030000 0.039048
1 0.014643 0.426190 0.020714 0.044762
1 0.542857 0.267619 0.020000 0.024762
1 0.398571 0.127619 0.011429 0.017143
1 0.428929 0.056190 0.019286 0.011429
1 0.431429 0.061905 0.015714 0.011429
1 0.182857 0.009048 0.008571 0.010476
1 0.313929 0.021429 0.010714 0.014286
1 0.321786 0.185714 0.015000 0.020952
1 0.122143 0.109524 0.011429 0.017143
2 0.177500 0.121429 0.006429 0.014286
2 0.141786 0.768095 0.015000 0.037143
2 0.377143 0.298571 0.010000 0.016190
2 0.404643 0.426667 0.009286 0.020952
2 0.431429 0.428571 0.008571 0.019048
