0 0.129000 0.954667 0.044000 0.050667
0 0.100250 0.892667 0.050500 0.072000
0 0.707000 0.761667 0.033000 0.068667
0 0.819500 0.651000 0.031000 0.051333
0 0.735250 0.321000 0.020500 0.055333
0 0.620250 0.414667 0.014500 0.050667
0 0.630250 0.296667 0.014500 0.056000
0 0.660000 0.259000 0.017000 0.052667
2 0.655000 0.214667 0.020000 0.044000
1 0.841250 0.078000 0.090500 0.058667
2 0.804750 0.016333 0.016500 0.032667
2 0.828250 0.016333 0.017500 0.032667
2 0.845500 0.021333 0.024000 0.040000
0 0.655250 0.016333 0.012500 0.032667
1 0.151250 0.092000 0.044500 0.073333
1 0.043500 0.026000 0.077000 0.052000
1 0.133750 0.021667 0.097500 0.043333
1 0.247250 0.011667 0.081500 0.023333
0 0.360750 0.126000 0.014500 0.046667
1 0.332000 0.059000 0.048000 0.084667
1 0.432000 0.042000 0.047000 0.080000
