1 0.397143 0.923810 0.032857 0.104762
1 0.770000 0.945714 0.084286 0.051429
1 0.977500 0.926667 0.045000 0.047619
1 0.721071 0.688571 0.053571 0.045714
1 0.691071 0.640476 0.029286 0.060000
1 0.720000 0.621905 0.025714 0.055238
1 0.750714 0.634762 0.035714 0.058095
2 0.776429 0.750952 0.020000 0.020000
0 0.828214 0.705238 0.013571 0.020000
0 0.814643 0.683333 0.009286 0.016190
0 0.821429 0.670476 0.010000 0.017143
0 0.790714 0.650000 0.010000 0.018095
0 0.750714 0.581429 0.008571 0.021905
1 0.673929 0.430952 0.025000 0.044762
1 0.610357 0.397143 0.027857 0.038095
1 0.472500 0.351905 0.017857 0.035238
1 0.452500 0.090476 0.012143 0.015238
1 0.548571 0.138095 0.014286 0.019048
1 0.578929 0.132857 0.016429 0.020000
2 0.458571 0.020000 0.004286 0.011429
2 0.411786 0.046190 0.005000 0.012381
2 0.393571 0.377143 0.008571 0.022857
