1 0.566429 0.301429 0.007143 0.010476
1 0.479286 0.335714 0.008571 0.012381
1 0.472857 0.238095 0.005714 0.007619
1 0.408929 0.362381 0.013571 0.014286
1 0.510714 0.504762 0.014286 0.028571
1 0.562857 0.295238 0.007143 0.007619
1 0.255357 0.584762 0.042143 0.022857
1 0.265714 0.563333 0.032857 0.016190
0 0.460000 0.453333 0.002857 0.013333
2 0.491071 0.673333 0.007857 0.026667
0 0.458929 0.282381 0.002143 0.006667
1 0.501429 0.156190 0.002857 0.005714
1 0.506071 0.154762 0.003571 0.004762
1 0.510357 0.181429 0.003571 0.004762
1 0.473929 0.169524 0.003571 0.003810
1 0.474643 0.198571 0.005000 0.004762
1 0.467143 0.200952 0.004286 0.005714
1 0.458571 0.199524 0.005714 0.004762
1 0.026429 0.935714 0.052857 0.042857
1 0.038214 0.890476 0.072143 0.045714
0 0.893214 0.512381 0.012143 0.028571
0 0.945357 0.482381 0.010714 0.021905
