1 0.443500 0.873667 0.057000 0.168667
1 0.356500 0.804333 0.053000 0.155333
1 0.911000 0.520000 0.128000 0.098667
1 0.917750 0.450667 0.072500 0.052000
1 0.892750 0.052667 0.092500 0.105333
1 0.723750 0.750333 0.059500 0.180667
2 0.923500 0.163333 0.045000 0.048000
0 0.375250 0.028000 0.017500 0.042667
0 0.370250 0.111333 0.018500 0.041333
0 0.343750 0.079667 0.019500 0.040667
0 0.456000 0.065333 0.015000 0.042667
0 0.503500 0.191333 0.018000 0.040000
0 0.417750 0.121333 0.019500 0.029333
0 0.416750 0.128667 0.011500 0.020000
0 0.530000 0.088667 0.014000 0.041333
2 0.517750 0.118000 0.014500 0.054667
2 0.455250 0.079667 0.016500 0.072667
2 0.503000 0.192333 0.017000 0.060667
2 0.417500 0.133000 0.019000 0.067333
0 0.358000 0.220333 0.021000 0.040667
0 0.336000 0.287000 0.014000 0.027333
0 0.546250 0.361333 0.015500 0.026667
0 0.561000 0.399667 0.018000 0.028667
0 0.544500 0.972000 0.018000 0.049333
2 0.506250 0.968000 0.025500 0.064000
0 0.542250 0.769333 0.032500 0.029333
0 0.517750 0.798333 0.013500 0.028667
0 0.799500 0.129333 0.031000 0.033333
2 0.800750 0.970667 0.035500 0.058667
2 0.944750 0.598333 0.070500 0.036667
