1 0.495000 0.040000 0.017143 0.024762
1 0.500357 0.069048 0.016429 0.023810
2 0.505357 0.081905 0.015000 0.013333
1 0.507857 0.098571 0.017143 0.027619
1 0.512500 0.127143 0.016429 0.031429
2 0.528214 0.108571 0.012143 0.011429
1 0.450357 0.090476 0.016429 0.028571
2 0.404286 0.081905 0.007143 0.019048
1 0.479643 0.232381 0.019286 0.036190
2 0.397500 0.296667 0.020714 0.014286
2 0.519643 0.362857 0.006429 0.024762
0 0.485714 0.742381 0.014286 0.020000
0 0.468214 0.711905 0.009286 0.018095
0 0.710000 0.882857 0.011429 0.022857
0 0.766786 0.886190 0.007857 0.018095
0 0.773929 0.910000 0.012143 0.018095
0 0.117143 0.927619 0.017143 0.019048
1 0.201429 0.872381 0.078571 0.049524
0 0.306071 0.732857 0.006429 0.020000
2 0.302143 0.744286 0.027143 0.014286
2 0.341786 0.744286 0.025000 0.033333
2 0.310000 0.724286 0.031429 0.018095
2 0.307143 0.713333 0.032857 0.019048
2 0.311786 0.693333 0.029286 0.017143
2 0.293929 0.669048 0.013571 0.033333
2 0.416786 0.918095 0.026429 0.034286
2 0.557857 0.727619 0.014286 0.034286
2 0.591786 0.733333 0.013571 0.034286
2 0.737857 0.952857 0.034286 0.020000
2 0.733571 0.992857 0.030000 0.014286
2 0.796786 0.929524 0.027857 0.020952
2 0.700357 0.790000 0.029286 0.020000
2 0.773571 0.767143 0.025714 0.020000
2 0.755357 0.895238 0.013571 0.038095
1 0.574643 0.486667 0.027857 0.055238
1 0.565714 0.429524 0.025714 0.043810
1 0.555714 0.367143 0.030000 0.048571
1 0.535000 0.264286 0.021429 0.037143
1 0.381071 0.332857 0.020714 0.048571
1 0.383571 0.382857 0.018571 0.047619
1 0.381786 0.449524 0.023571 0.060952
1 0.383571 0.517619 0.025714 0.065714
