0 0.491250 0.873333 0.027500 0.073333
0 0.396500 0.763333 0.027000 0.076000
0 0.445750 0.792667 0.025500 0.066667
1 0.587750 0.883667 0.093500 0.232667
1 0.750750 0.969667 0.104500 0.060667
2 0.544250 0.648667 0.017500 0.044000
0 0.491500 0.547000 0.018000 0.059333
0 0.507250 0.547667 0.013500 0.059333
2 0.519000 0.438333 0.015000 0.034000
2 0.450750 0.407000 0.018500 0.036667
0 0.490750 0.322333 0.010500 0.032667
2 0.487000 0.331667 0.006000 0.023333
2 0.506500 0.297333 0.007000 0.018667
2 0.542750 0.309667 0.008500 0.022000
2 0.543000 0.276667 0.005000 0.016000
1 0.481500 0.290000 0.027000 0.042667
0 0.473250 0.258667 0.006500 0.026667
1 0.437250 0.229000 0.025500 0.031333
0 0.481250 0.214667 0.004500 0.014667
0 0.589000 0.276333 0.007000 0.028667
0 0.558000 0.245000 0.004000 0.030000
0 0.555500 0.244000 0.005000 0.022667
1 0.486750 0.201000 0.019500 0.024667
1 0.488750 0.186333 0.018500 0.023333
2 0.535750 0.220333 0.005500 0.012667
0 0.499500 0.178667 0.005000 0.018667
0 0.531000 0.156667 0.004000 0.016000
0 0.539500 0.156667 0.004000 0.017333
0 0.545250 0.158667 0.004500 0.016000
2 0.493250 0.164333 0.004500 0.011333
1 0.516250 0.133333 0.012500 0.016000
1 0.520000 0.120000 0.019000 0.013333
1 0.509750 0.107333 0.010500 0.012000
1 0.498250 0.106000 0.009500 0.009333
1 0.520750 0.097667 0.007500 0.008667
1 0.506000 0.095667 0.007000 0.011333
1 0.510750 0.076667 0.005500 0.006667
1 0.524000 0.084000 0.005000 0.010667
1 0.519250 0.077333 0.004500 0.005333
1 0.510500 0.069333 0.005000 0.005333
1 0.519500 0.070667 0.005000 0.004000
1 0.513000 0.065667 0.003000 0.002000
1 0.517500 0.060000 0.004000 0.004000
1 0.510000 0.054667 0.004000 0.004000
1 0.503500 0.064667 0.005000 0.006667
0 0.446750 0.189667 0.005500 0.023333
0 0.438250 0.191000 0.003500 0.022000
0 0.441250 0.188000 0.002500 0.020000
0 0.528500 0.127667 0.004000 0.014000
0 0.534250 0.128000 0.003500 0.014667
1 0.547000 0.180333 0.023000 0.020667
1 0.423500 0.118667 0.020000 0.009333
1 0.443250 0.113333 0.020500 0.009333
