1 0.281250 0.903333 0.098500 0.128000
1 0.376000 0.919000 0.094000 0.152667
1 0.416500 0.767333 0.092000 0.106667
1 0.566500 0.822333 0.086000 0.126000
1 0.482500 0.932000 0.110000 0.136000
1 0.632750 0.719000 0.066500 0.092667
1 0.678750 0.643000 0.061500 0.084667
1 0.596250 0.558667 0.051500 0.068000
1 0.749750 0.531333 0.042500 0.057333
1 0.714750 0.421000 0.037500 0.044667
1 0.842500 0.382333 0.028000 0.036667
1 0.861250 0.354333 0.027500 0.030000
1 0.817750 0.309333 0.025500 0.022667
1 0.889750 0.311667 0.020500 0.024667
1 0.898000 0.296667 0.021000 0.021333
1 0.903500 0.281667 0.020000 0.022000
1 0.914000 0.269667 0.018000 0.019333
1 0.922000 0.256667 0.019000 0.018667
0 0.890250 0.284667 0.006500 0.018667
1 0.875250 0.242667 0.015500 0.017333
1 0.888250 0.228667 0.014500 0.014667
1 0.872000 0.226667 0.016000 0.013333
1 0.951750 0.230667 0.032500 0.014667
1 0.944250 0.222667 0.015500 0.016000
1 0.888000 0.208667 0.014000 0.013333
2 0.920000 0.212000 0.005000 0.010667
1 0.909500 0.203667 0.014000 0.014000
1 0.916000 0.197333 0.012000 0.010667
1 0.921000 0.190667 0.011000 0.012000
1 0.929250 0.182667 0.013500 0.012000
1 0.958750 0.199667 0.012500 0.012667
1 0.963750 0.192333 0.012500 0.011333
1 0.965750 0.186667 0.010500 0.010667
1 0.972250 0.180000 0.010500 0.010667
1 0.862250 0.205000 0.021500 0.012667
1 0.869000 0.199333 0.025000 0.012000
1 0.874500 0.194333 0.025000 0.012667
0 0.889250 0.195667 0.004500 0.011333
0 0.864000 0.192667 0.004000 0.012000
0 0.844000 0.194667 0.004000 0.012000
1 0.967000 0.164667 0.022000 0.009333
1 0.922500 0.158333 0.015000 0.008667
1 0.849000 0.152333 0.014000 0.008667
0 0.810750 0.149000 0.003500 0.008667
0 0.816250 0.140667 0.002500 0.008000
1 0.857250 0.140667 0.013500 0.008000
1 0.123500 0.271000 0.019000 0.018000
1 0.145250 0.265333 0.019500 0.018667
1 0.177500 0.255667 0.019000 0.018000
1 0.111250 0.248000 0.023500 0.016000
1 0.273500 0.240000 0.016000 0.014667
0 0.332250 0.258667 0.004500 0.016000
0 0.460750 0.203333 0.002500 0.010667
1 0.479250 0.198000 0.021500 0.012000
1 0.497250 0.204667 0.021500 0.013333
0 0.502250 0.206000 0.003500 0.012000
0 0.524750 0.206333 0.002500 0.012667
0 0.530500 0.203667 0.003000 0.011333
0 0.535750 0.202667 0.002500 0.010667
0 0.539250 0.192667 0.003500 0.010667
0 0.534000 0.186667 0.003000 0.010667
0 0.544250 0.187333 0.002500 0.010667
1 0.536750 0.178000 0.015500 0.010667
0 0.114750 0.335333 0.011500 0.018667
0 0.491750 0.352667 0.009500 0.025333
