1 0.704750 0.899000 0.105500 0.202000
0 0.506000 0.981667 0.018000 0.036667
0 0.423750 0.949667 0.016500 0.024667
0 0.427500 0.965667 0.012000 0.015333
0 0.533250 0.869000 0.015500 0.023333
2 0.523250 0.875333 0.015500 0.040000
0 0.500250 0.700667 0.014500 0.017333
0 0.480000 0.680333 0.012000 0.024667
0 0.468750 0.644667 0.013500 0.032000
0 0.582500 0.570000 0.010000 0.025333
0 0.591500 0.547000 0.013000 0.027333
0 0.605250 0.543667 0.017500 0.038000
0 0.463500 0.427667 0.012000 0.038000
0 0.452000 0.432667 0.012000 0.038667
0 0.399500 0.333333 0.012000 0.034667
2 0.383500 0.330667 0.020000 0.037333
1 0.371750 0.130667 0.033500 0.066667
0 0.381250 0.089000 0.010500 0.030000
0 0.354500 0.075000 0.009000 0.034000
0 0.440000 0.040000 0.006000 0.030667
0 0.440500 0.032667 0.007000 0.032000
