1 0.204750 0.859000 0.076500 0.162000
1 0.249250 0.638000 0.050500 0.097333
0 0.309250 0.540000 0.011500 0.042667
2 0.372250 0.229667 0.007500 0.014000
2 0.371250 0.218667 0.006500 0.016000
2 0.386000 0.168333 0.006000 0.014000
1 0.359500 0.198000 0.018000 0.029333
1 0.364500 0.168667 0.017000 0.025333
1 0.307000 0.163333 0.035000 0.022667
1 0.315250 0.132667 0.015500 0.021333
1 0.311000 0.099333 0.017000 0.018667
1 0.360750 0.086667 0.025500 0.020000
0 0.335250 0.072333 0.002500 0.014000
0 0.338000 0.072333 0.003000 0.014000
1 0.355250 0.007667 0.018500 0.010000
1 0.337750 0.039000 0.027500 0.014000
1 0.340750 0.031000 0.020500 0.010000
1 0.338250 0.037000 0.026500 0.012667
1 0.389500 0.064000 0.013000 0.024000
1 0.400250 0.020000 0.010500 0.012000
0 0.402250 0.027667 0.003500 0.008667
1 0.674000 0.264000 0.032000 0.030667
1 0.621750 0.453000 0.041500 0.059333
1 0.481250 0.272667 0.023500 0.042667
2 0.705250 0.424000 0.014500 0.029333
