0 0.383929 0.140952 0.010714 0.024762
0 0.309643 0.093333 0.009286 0.024762
0 0.317500 0.091905 0.007857 0.025714
0 0.586429 0.024286 0.010000 0.020000
1 0.553571 0.032381 0.057143 0.057143
1 0.283571 0.075714 0.061429 0.060000
0 0.220357 0.029048 0.015000 0.031429
2 0.223929 0.100476 0.026429 0.021905
2 0.213214 0.080952 0.025000 0.020952
2 0.207143 0.047619 0.025714 0.017143
2 0.199286 0.030476 0.015714 0.026667
1 0.600714 0.464762 0.071429 0.049524
2 0.613571 0.525714 0.027143 0.028571
0 0.660000 0.524762 0.010000 0.013333
2 0.604286 0.783333 0.028571 0.018095
2 0.604286 0.807143 0.027143 0.018095
2 0.605000 0.830000 0.027143 0.023810
2 0.572857 0.884286 0.031429 0.018095
0 0.572857 0.962381 0.008571 0.018095
0 0.564643 0.976190 0.013571 0.015238
0 0.463929 0.727619 0.010714 0.022857
0 0.421429 0.599524 0.011429 0.008571
2 0.384643 0.394286 0.025000 0.015238
1 0.264286 0.499524 0.030000 0.092381
1 0.226786 0.500000 0.032143 0.091429
1 0.189643 0.500476 0.035000 0.090476
1 0.151071 0.538095 0.033571 0.089524
1 0.110714 0.545714 0.041429 0.095238
1 0.076071 0.539048 0.037857 0.091429
