1 0.089643 0.056667 0.022143 0.040952
1 0.017143 0.164762 0.022857 0.043810
0 0.458214 0.134286 0.005000 0.019048
0 0.399643 0.325714 0.007857 0.020952
1 0.483571 0.483333 0.045714 0.039048
2 0.506786 0.453810 0.016429 0.014286
1 0.485357 0.520476 0.055000 0.056190
1 0.515357 0.542381 0.050714 0.046667
1 0.524643 0.592857 0.055000 0.054286
2 0.592143 0.670476 0.011429 0.038095
2 0.601786 0.660476 0.010714 0.033333
1 0.569643 0.748571 0.059286 0.066667
1 0.536429 0.716190 0.055714 0.059048
1 0.503571 0.693333 0.058571 0.059048
0 0.514286 0.919524 0.010000 0.014286
1 0.410000 0.850476 0.011429 0.015238
2 0.066429 0.906667 0.027143 0.022857
