1 0.081071 0.338095 0.082143 0.049524
1 0.275357 0.329524 0.087857 0.049524
2 0.281786 0.276667 0.025000 0.050476
0 0.537500 0.403810 0.009286 0.020952
2 0.450714 0.252857 0.012857 0.042857
1 0.533929 0.262857 0.035000 0.085714
1 0.580714 0.306667 0.035714 0.102857
1 0.580714 0.206667 0.025714 0.068571
1 0.616786 0.201905 0.032143 0.078095
2 0.670000 0.520476 0.035714 0.014286
1 0.662857 0.249524 0.037143 0.083810
1 0.705000 0.244762 0.035714 0.078095
1 0.743929 0.241429 0.036429 0.080952
1 0.779643 0.234286 0.035000 0.076190
1 0.766071 0.152857 0.037857 0.077143
0 0.609643 0.792857 0.010714 0.016190
2 0.743571 0.895714 0.021429 0.046667
1 0.812143 0.733810 0.091429 0.050476
1 0.820357 0.618571 0.089286 0.058095
1 0.931071 0.604286 0.095000 0.060000
2 0.892857 0.442857 0.038571 0.022857
1 0.902857 0.307619 0.081429 0.074286
