1 0.867500 0.792000 0.131000 0.084000
1 0.927000 0.867667 0.138000 0.094000
1 0.972250 0.760667 0.055500 0.094667
1 0.344000 0.394667 0.027000 0.036000
1 0.387000 0.333333 0.016000 0.029333
1 0.378000 0.191000 0.010000 0.010000
0 0.416500 0.192667 0.003000 0.013333
0 0.418500 0.191667 0.003000 0.012667
1 0.337750 0.188000 0.009500 0.012000
1 0.823000 0.422000 0.056000 0.029333
1 0.798250 0.409333 0.056500 0.028000
2 0.906250 0.393000 0.013500 0.018000
2 0.883750 0.389000 0.009500 0.020667
2 0.892250 0.391000 0.009500 0.018000
2 0.871500 0.369333 0.014000 0.021333
2 0.857750 0.373000 0.015500 0.022000
1 0.816000 0.347000 0.006000 0.024667
1 0.760000 0.300667 0.034000 0.020000
2 0.759250 0.282333 0.012500 0.012667
1 0.734750 0.275667 0.034500 0.019333
0 0.770250 0.268333 0.003500 0.014000
0 0.752250 0.256667 0.004500 0.012000
2 0.697250 0.263000 0.010500 0.015333
2 0.697250 0.260000 0.012500 0.014667
2 0.652000 0.246000 0.004000 0.012000
2 0.641750 0.239667 0.009500 0.010000
1 0.540000 0.214000 0.026000 0.016000
1 0.560250 0.184000 0.021500 0.010667
1 0.491750 0.150667 0.012500 0.008000
1 0.493250 0.152333 0.012500 0.006000
1 0.496250 0.149333 0.013500 0.008000
1 0.480500 0.144000 0.008000 0.008000
1 0.457250 0.134333 0.013500 0.006000
1 0.440250 0.187333 0.017500 0.009333
