1 0.442500 0.444667 0.126000 0.073333
1 0.841000 0.481667 0.132000 0.079333
1 0.806000 0.382667 0.119000 0.072000
1 0.488000 0.392000 0.121000 0.064000
2 0.861750 0.536667 0.055500 0.056000
2 0.290500 0.573333 0.050000 0.048000
2 0.420750 0.518333 0.049500 0.051333
2 0.458500 0.344667 0.016000 0.040000
0 0.467250 0.278333 0.018500 0.044667
0 0.421250 0.232000 0.015500 0.046667
0 0.487500 0.249667 0.012000 0.046000
0 0.477500 0.243667 0.012000 0.042000
0 0.468500 0.259000 0.011000 0.027333
0 0.368250 0.228333 0.014500 0.031333
0 0.357000 0.253667 0.013000 0.040667
0 0.698250 0.240333 0.018500 0.044667
0 0.721500 0.280667 0.013000 0.044000
0 0.743750 0.246000 0.015500 0.040000
0 0.736250 0.229667 0.018500 0.040667
0 0.778250 0.288333 0.019500 0.044667
0 0.773250 0.283000 0.018500 0.043333
