1 0.758571 0.293810 0.008571 0.012381
2 0.221071 0.611429 0.026429 0.030476
2 0.227857 0.600000 0.025714 0.030476
2 0.249286 0.582857 0.028571 0.022857
2 0.254286 0.575714 0.024286 0.020000
2 0.261071 0.566667 0.025000 0.020952
2 0.267500 0.645714 0.029286 0.026667
2 0.278929 0.636190 0.027857 0.024762
2 0.318929 0.641429 0.027857 0.023810
2 0.331786 0.618571 0.030714 0.027619
2 0.338214 0.614286 0.025000 0.022857
2 0.297500 0.589524 0.029286 0.019048
2 0.323571 0.594762 0.028571 0.027619
2 0.305357 0.573810 0.026429 0.014286
2 0.333214 0.587619 0.023571 0.020952
0 0.612143 0.300000 0.002857 0.013333
0 0.613214 0.330476 0.003571 0.013333
0 0.617500 0.330000 0.003571 0.016190
2 0.637500 0.330476 0.005000 0.009524
2 0.626429 0.335714 0.004286 0.010476
