0 0.587000 0.932667 0.021000 0.041333
0 0.576250 0.872000 0.022500 0.033333
0 0.589000 0.784333 0.019000 0.036667
0 0.533000 0.666667 0.017000 0.028000
0 0.544000 0.640667 0.021000 0.030667
0 0.540000 0.547333 0.017000 0.024000
2 0.512500 0.513333 0.025000 0.052000
0 0.553000 0.472667 0.018000 0.028000
2 0.538250 0.469333 0.017500 0.036000
0 0.501250 0.360667 0.015500 0.025333
1 0.677500 0.436667 0.079000 0.168000
0 0.431750 0.496667 0.008500 0.012000
0 0.442000 0.497000 0.016000 0.028667
0 0.590000 0.113333 0.012000 0.020000
0 0.620500 0.077333 0.023000 0.052000
0 0.597750 0.084333 0.015500 0.050000
0 0.475500 0.072000 0.014000 0.041333
0 0.487500 0.065333 0.016000 0.046667
0 0.462250 0.200000 0.014500 0.034667
0 0.462500 0.188000 0.017000 0.034667
0 0.443000 0.887000 0.018000 0.026000
