0 0.116071 0.223810 0.006429 0.019048
2 0.139643 0.937619 0.020714 0.020000
2 0.437857 0.889048 0.025714 0.025714
1 0.269643 0.734762 0.062143 0.048571
0 0.085000 0.936667 0.014286 0.031429
0 0.121429 0.690000 0.015714 0.023810
2 0.174286 0.691429 0.025714 0.011429
0 0.256071 0.663333 0.012143 0.018095
0 0.245714 0.629524 0.010000 0.017143
0 0.142143 0.655238 0.012857 0.015238
0 0.287500 0.598095 0.009286 0.022857
2 0.630357 0.615238 0.016429 0.017143
2 0.738929 0.655238 0.016429 0.013333
2 0.722500 0.696190 0.016429 0.015238
0 0.462143 0.524286 0.005714 0.018095
0 0.466071 0.530952 0.006429 0.018095
2 0.859643 0.611905 0.012143 0.018095
2 0.896071 0.585238 0.017857 0.018095
1 0.990714 0.309048 0.018571 0.023810
