0 0.414000 0.686667 0.030000 0.101333
0 0.773500 0.761333 0.050000 0.118667
1 0.487250 0.635667 0.109500 0.218000
0 0.644750 0.441667 0.021500 0.070000
0 0.628500 0.438667 0.015000 0.060000
2 0.691250 0.434333 0.049500 0.054000
1 0.649500 0.360000 0.059000 0.081333
0 0.340000 0.360333 0.030000 0.064667
0 0.526000 0.251000 0.010000 0.040667
1 0.542500 0.219667 0.037000 0.048667
1 0.493250 0.242333 0.043500 0.051333
1 0.597750 0.168000 0.051500 0.032000
2 0.485500 0.153333 0.015000 0.022667
0 0.520250 0.129000 0.008500 0.027333
1 0.503500 0.089333 0.020000 0.028000
2 0.516500 0.105667 0.009000 0.020667
1 0.505750 0.076000 0.034500 0.020000
1 0.522250 0.059000 0.012500 0.018000
1 0.528500 0.054333 0.012000 0.015333
1 0.529750 0.048000 0.012500 0.014667
