2 0.330898 0.946197 0.017745 0.048237
1 0.451461 0.849722 0.045929 0.090909
2 0.497651 0.624304 0.008873 0.029685
0 0.431367 0.484230 0.006785 0.025974
0 0.362996 0.501391 0.006785 0.025046
0 0.441806 0.514842 0.006785 0.027829
1 0.582463 0.350649 0.020877 0.035250
1 0.556889 0.349258 0.020877 0.038033
1 0.586378 0.280148 0.021399 0.031540
0 0.641180 0.174861 0.003653 0.017625
1 0.631002 0.152134 0.015658 0.016698
1 0.643789 0.107607 0.008873 0.022263
1 0.648225 0.074212 0.008351 0.014842
1 0.651879 0.066327 0.007307 0.013915
