1 0.121071 0.926667 0.059286 0.068571
1 0.276429 0.848571 0.031429 0.070476
1 0.370357 0.686190 0.027857 0.054286
1 0.356071 0.630000 0.029286 0.058095
1 0.446429 0.462381 0.021429 0.037143
1 0.426429 0.311429 0.015714 0.026667
1 0.523214 0.213810 0.013571 0.023810
1 0.511786 0.191429 0.012143 0.020952
1 0.505357 0.025714 0.017857 0.011429
1 0.509643 0.016667 0.017857 0.008571
1 0.511429 0.011429 0.014286 0.013333
1 0.517143 0.005238 0.015714 0.010476
1 0.570357 0.024762 0.005000 0.013333
1 0.493929 0.236190 0.013571 0.028571
2 0.389286 0.417619 0.011429 0.012381
0 0.383929 0.338095 0.005000 0.011429
0 0.215357 0.790952 0.010714 0.010476
1 0.241429 0.515238 0.030000 0.019048
0 0.706786 0.038095 0.002143 0.007619
1 0.760357 0.035238 0.009286 0.013333
1 0.782143 0.006190 0.018571 0.010476
2 0.486071 0.110000 0.006429 0.008571
0 0.586786 0.765238 0.007857 0.010476
0 0.576786 0.736667 0.006429 0.008571
