0 0.265714 0.177619 0.007143 0.021905
0 0.347143 0.792381 0.010000 0.013333
0 0.390714 0.825714 0.007143 0.015238
0 0.400714 0.835714 0.005714 0.014286
0 0.043571 0.696667 0.014286 0.014286
0 0.045000 0.593810 0.014286 0.018095
0 0.137500 0.362857 0.012143 0.019048
0 0.146429 0.349524 0.008571 0.019048
2 0.304643 0.015714 0.010714 0.020000
2 0.238214 0.458095 0.010714 0.030476
2 0.200357 0.709524 0.012143 0.032381
2 0.188929 0.922381 0.013571 0.042857
2 0.336429 0.601905 0.010000 0.034286
2 0.338214 0.536667 0.010714 0.031429
1 0.281071 0.672381 0.030714 0.081905
2 0.431071 0.802381 0.027857 0.021905
2 0.507857 0.864286 0.028571 0.016190
2 0.444643 0.881429 0.026429 0.014286
1 0.413571 0.862857 0.065714 0.062857
2 0.480000 0.911429 0.015714 0.022857
2 0.460000 0.929524 0.024286 0.017143
2 0.454286 0.949524 0.022857 0.017143
2 0.431786 0.935238 0.019286 0.024762
2 0.426429 0.895238 0.024286 0.009524
2 0.418929 0.906190 0.019286 0.012381
2 0.412857 0.941429 0.024286 0.014286
2 0.432857 0.959524 0.022857 0.021905
2 0.445714 0.987619 0.024286 0.011429
2 0.422143 0.978095 0.027143 0.011429
2 0.410357 0.966190 0.023571 0.012381
2 0.391786 0.954286 0.026429 0.011429
2 0.393214 0.981905 0.026429 0.011429
2 0.418571 0.991429 0.027143 0.011429
1 0.395357 0.465714 0.026429 0.055238
1 0.160714 0.592381 0.034286 0.074286
1 0.178929 0.514286 0.030714 0.066667
1 0.411786 0.169524 0.020714 0.043810
2 0.421429 0.542381 0.028571 0.021905
