1 0.731994 0.923006 0.043319 0.105751
1 0.702766 0.874768 0.042276 0.103896
1 0.647965 0.804267 0.043319 0.094620
1 0.445981 0.616883 0.040188 0.076067
0 0.375000 0.599258 0.005741 0.014842
2 0.402401 0.596011 0.007307 0.030612
2 0.409708 0.570965 0.008351 0.021336
2 0.418841 0.565399 0.008873 0.028757
1 0.364301 0.534323 0.040710 0.066790
1 0.288883 0.458256 0.040188 0.061224
1 0.237996 0.401206 0.040710 0.056586
1 0.156315 0.316327 0.039144 0.050093
1 0.122129 0.179499 0.035491 0.030612
2 0.018528 0.140074 0.012004 0.018553
2 0.006524 0.146568 0.010960 0.016698
2 0.003653 0.155380 0.007307 0.013915
1 0.763048 0.557978 0.028184 0.069573
1 0.692067 0.502319 0.029228 0.060297
1 0.794102 0.430427 0.028706 0.059369
1 0.731211 0.339518 0.041754 0.042672
1 0.571242 0.275974 0.027662 0.045455
1 0.555063 0.263451 0.030793 0.044527
1 0.643267 0.285250 0.033925 0.049165
1 0.656315 0.272727 0.032881 0.044527
1 0.666493 0.258349 0.029228 0.039889
1 0.691806 0.232375 0.036013 0.039889
1 0.703288 0.216141 0.028706 0.038961
1 0.719207 0.202226 0.029228 0.040816
1 0.748695 0.172542 0.030793 0.040816
1 0.760177 0.159091 0.027662 0.036178
1 0.829332 0.129870 0.018789 0.033395
1 0.018267 0.288961 0.036534 0.045455
