1 0.510714 0.967143 0.032857 0.065714
1 0.295357 0.865238 0.090714 0.058095
1 0.345000 0.793333 0.081429 0.047619
1 0.359286 0.650476 0.085714 0.049524
1 0.363929 0.581905 0.076429 0.053333
2 0.422500 0.279524 0.033571 0.025714
1 0.496429 0.355714 0.032857 0.101905
1 0.796786 0.975714 0.067857 0.048571
1 0.783929 0.916190 0.076429 0.072381
1 0.772500 0.859524 0.067857 0.048571
1 0.890714 0.832857 0.052857 0.111429
2 0.965000 0.918571 0.034286 0.031429
2 0.947857 0.829048 0.030000 0.037143
2 0.927500 0.755238 0.036429 0.022857
2 0.884643 0.720952 0.033571 0.020952
2 0.901786 0.698095 0.030714 0.022857
2 0.901071 0.656667 0.036429 0.021905
2 0.834643 0.502857 0.033571 0.017143
0 0.863214 0.392857 0.017857 0.016190
2 0.663214 0.379048 0.015000 0.041905
2 0.644643 0.376667 0.013571 0.039048
2 0.668929 0.295238 0.027857 0.028571
2 0.753929 0.280476 0.020714 0.037143
2 0.796071 0.270000 0.029286 0.018095
2 0.820000 0.272857 0.028571 0.033333
2 0.573929 0.287143 0.012143 0.040952
0 0.633571 0.292857 0.014286 0.018095
0 0.630357 0.269524 0.012143 0.020952
2 0.677500 0.504762 0.020714 0.041905
1 0.645714 0.481429 0.038571 0.101905
0 0.407143 0.100952 0.010000 0.024762
1 0.488214 0.040952 0.032143 0.081905
0 0.549286 0.093810 0.010000 0.023810
0 0.558571 0.090000 0.008571 0.023810
1 0.591429 0.033810 0.035714 0.067619
1 0.710357 0.019524 0.033571 0.039048
