1 0.146786 0.794762 0.065000 0.042857
1 0.171786 0.749524 0.066429 0.043810
1 0.192500 0.715238 0.063571 0.045714
1 0.731071 0.818571 0.040714 0.086667
1 0.684286 0.477143 0.017143 0.028571
1 0.701786 0.531429 0.023571 0.036190
1 0.672143 0.422381 0.015714 0.025714
1 0.379286 0.630000 0.028571 0.042857
1 0.398571 0.587619 0.020000 0.034286
1 0.437857 0.509048 0.020000 0.031429
2 0.523571 0.631429 0.007143 0.020952
0 0.562857 0.440952 0.004286 0.013333
0 0.556429 0.420952 0.002857 0.013333
0 0.577500 0.369524 0.002143 0.011429
0 0.588214 0.340476 0.003571 0.010476
2 0.634286 0.372857 0.004286 0.014286
1 0.729286 0.227619 0.004286 0.005714
0 0.616786 0.220000 0.002143 0.005714
0 0.621071 0.212857 0.002143 0.006667
0 0.622857 0.205238 0.001429 0.006667
1 0.650000 0.185238 0.004286 0.004762
1 0.646786 0.183333 0.003571 0.004762
