1 0.489286 0.962857 0.075714 0.074286
2 0.193929 0.858095 0.019286 0.038095
0 0.033571 0.988095 0.021429 0.014286
0 0.036786 0.884762 0.019286 0.011429
1 0.352500 0.585714 0.050714 0.083810
1 0.790000 0.855714 0.057143 0.088571
1 0.762143 0.827619 0.058571 0.085714
2 0.988214 0.881429 0.023571 0.027619
1 0.772857 0.571905 0.070000 0.065714
0 0.843571 0.426667 0.011429 0.017143
0 0.754643 0.437143 0.013571 0.017143
0 0.773214 0.394762 0.010714 0.016190
0 0.806071 0.317619 0.009286 0.016190
1 0.685357 0.396190 0.059286 0.057143
0 0.540714 0.384762 0.007143 0.011429
2 0.561786 0.320000 0.012143 0.030476
1 0.518929 0.240000 0.046429 0.064762
1 0.427500 0.230952 0.039286 0.063810
1 0.457143 0.115714 0.037143 0.063810
0 0.411071 0.040476 0.007857 0.025714
1 0.421429 0.028095 0.035714 0.056190
0 0.423571 0.461905 0.008571 0.017143
1 0.252143 0.325714 0.040000 0.072381
1 0.017857 0.028095 0.024286 0.056190
1 0.100357 0.390476 0.035000 0.068571
0 0.027143 0.478571 0.021429 0.021905
