1 0.683977 0.967996 0.057933 0.062152
2 0.711639 0.737013 0.012004 0.021336
0 0.649530 0.763451 0.006785 0.029685
0 0.657881 0.780148 0.009916 0.029685
0 0.731733 0.531076 0.005219 0.023191
1 0.660491 0.362709 0.023486 0.035250
1 0.642223 0.281540 0.024530 0.030612
1 0.704071 0.246753 0.024008 0.027829
0 0.794102 0.302876 0.004697 0.017625
0 0.787839 0.300093 0.006785 0.019481
0 0.835595 0.219852 0.005219 0.014842
0 0.838987 0.209647 0.004697 0.012987
1 0.737474 0.184137 0.024008 0.021336
1 0.804541 0.174861 0.025574 0.023191
1 0.811326 0.168831 0.023486 0.020408
1 0.936326 0.093692 0.016701 0.018553
1 0.954854 0.089054 0.020355 0.016698
1 0.975470 0.082096 0.020877 0.019481
1 0.974948 0.053340 0.019833 0.019481
1 0.991649 0.049165 0.015658 0.018553
0 0.568111 0.212430 0.002610 0.012987
0 0.569937 0.214750 0.002088 0.012059
1 0.529489 0.198980 0.017223 0.023191
1 0.498434 0.146104 0.014614 0.019481
1 0.343424 0.302412 0.030271 0.027829
1 0.341858 0.273191 0.029228 0.026902
2 0.337161 0.429963 0.013570 0.012059
0 0.337683 0.423933 0.004175 0.014842
1 0.260438 0.505102 0.017745 0.043599
1 0.424061 0.645176 0.040188 0.043599
2 0.356733 0.773191 0.023486 0.028757
