0 0.234500 0.041333 0.017000 0.025333
0 0.288750 0.012333 0.012500 0.022000
1 0.426500 0.086000 0.041000 0.089333
1 0.430750 0.184333 0.028500 0.083333
1 0.444250 0.475667 0.030500 0.083333
1 0.448000 0.578667 0.026000 0.080000
1 0.454000 0.689667 0.027000 0.082000
1 0.461500 0.788333 0.028000 0.084667
1 0.465000 0.902667 0.029000 0.093333
1 0.467000 0.979333 0.025000 0.038667
1 0.509000 0.030000 0.028000 0.060000
1 0.547250 0.032000 0.027500 0.062667
1 0.532500 0.272000 0.029000 0.086667
1 0.531750 0.488000 0.027500 0.081333
2 0.467000 0.491667 0.009000 0.030000
1 0.540750 0.595333 0.028500 0.081333
1 0.544000 0.704667 0.027000 0.088000
1 0.558750 0.979333 0.026500 0.040000
2 0.518750 0.733000 0.008500 0.034000
0 0.663500 0.327333 0.011000 0.010667
0 0.958000 0.095667 0.019000 0.018000
0 0.987250 0.132000 0.022500 0.016000
0 0.899000 0.240333 0.018000 0.012667
0 0.975000 0.274667 0.014000 0.008000
0 0.977000 0.279667 0.017000 0.012667
0 0.949500 0.317000 0.021000 0.012667
0 0.965500 0.313667 0.019000 0.011333
0 0.929250 0.476667 0.017500 0.009333
0 0.940750 0.477333 0.016500 0.012000
0 0.767500 0.342000 0.013000 0.012000
0 0.782250 0.318667 0.008500 0.008000
1 0.694000 0.745333 0.067000 0.042667
0 0.834250 0.618667 0.019500 0.010667
