2 0.495250 0.920333 0.038500 0.083333
0 0.529500 0.875000 0.024000 0.074000
0 0.554000 0.838000 0.023000 0.070667
0 0.656250 0.860333 0.019500 0.063333
0 0.614000 0.818667 0.021000 0.069333
0 0.676500 0.808333 0.020000 0.066000
2 0.595250 0.676667 0.018500 0.064000
0 0.557750 0.706333 0.016500 0.070000
0 0.565250 0.684333 0.018500 0.066000
0 0.577750 0.659333 0.018500 0.066667
0 0.666500 0.673000 0.021000 0.063333
0 0.677000 0.633667 0.020000 0.056667
0 0.616500 0.582000 0.015000 0.053333
0 0.712750 0.584333 0.012500 0.055333
0 0.705500 0.583333 0.013000 0.044000
2 0.671500 0.521333 0.044000 0.041333
2 0.595750 0.473667 0.028500 0.032667
0 0.515250 0.485333 0.013500 0.044000
0 0.502250 0.489333 0.010500 0.042667
0 0.461750 0.419667 0.009500 0.042000
0 0.491000 0.365667 0.010000 0.034000
0 0.498500 0.340667 0.008000 0.036000
0 0.466250 0.281667 0.008500 0.030000
0 0.414250 0.227667 0.006500 0.018000
0 0.327750 0.348000 0.009500 0.032000
0 0.311250 0.350333 0.010500 0.035333
0 0.283250 0.344667 0.011500 0.034667
0 0.246250 0.434000 0.017500 0.048000
0 0.267500 0.423000 0.013000 0.043333
0 0.305500 0.365333 0.012000 0.036000
2 0.316250 0.335333 0.025500 0.028000
1 0.287750 0.429333 0.062500 0.049333
2 0.399000 0.486000 0.020000 0.033333
0 0.063250 0.585000 0.014500 0.059333
0 0.098000 0.535667 0.021000 0.054000
0 0.101500 0.525667 0.019000 0.052667
0 0.165750 0.457667 0.015500 0.044667
0 0.210000 0.442333 0.014000 0.040667
1 0.408000 0.278333 0.044000 0.027333
1 0.430500 0.272667 0.044000 0.030667
1 0.450250 0.266667 0.044500 0.026667
1 0.508000 0.299000 0.038000 0.035333
1 0.587500 0.309667 0.064000 0.040667
1 0.532500 0.281000 0.035000 0.030000
1 0.559250 0.258667 0.026500 0.024000
1 0.559500 0.237000 0.022000 0.023333
1 0.582500 0.243000 0.026000 0.024667
1 0.617500 0.239000 0.036000 0.024667
1 0.646000 0.233000 0.037000 0.020667
2 0.620750 0.229333 0.013500 0.013333
1 0.607750 0.211333 0.038500 0.017333
1 0.629250 0.206000 0.036500 0.018667
1 0.592250 0.196000 0.031500 0.016000
1 0.505500 0.231333 0.038000 0.020000
1 0.512250 0.224000 0.038500 0.020000
1 0.542500 0.191000 0.038000 0.019333
1 0.503750 0.190000 0.028500 0.014667
1 0.452000 0.218000 0.038000 0.024000
1 0.411250 0.216000 0.021500 0.022667
1 0.381750 0.216000 0.023500 0.022667
1 0.373750 0.192000 0.027500 0.014667
