1 0.547857 0.156667 0.002857 0.004762
1 0.518214 0.208571 0.005000 0.007619
1 0.507857 0.225238 0.007143 0.010476
1 0.470000 0.283333 0.010000 0.012381
1 0.508929 0.213333 0.005000 0.009524
1 0.517143 0.199524 0.004286 0.006667
1 0.516786 0.188095 0.005000 0.006667
1 0.512143 0.195238 0.004286 0.007619
1 0.526429 0.205714 0.004286 0.005714
1 0.511071 0.205238 0.006429 0.008571
1 0.465714 0.345714 0.012857 0.019048
1 0.485714 0.249048 0.007143 0.012381
0 0.447857 0.277143 0.002857 0.009524
2 0.398929 0.449048 0.006429 0.018095
2 0.419286 0.427143 0.004286 0.012381
2 0.140714 0.869048 0.017143 0.033333
2 0.196786 0.735714 0.026429 0.018095
2 0.242500 0.663333 0.016429 0.033333
2 0.168571 0.836190 0.021429 0.038095
2 0.131429 0.892857 0.031429 0.027619
2 0.173929 0.873810 0.017857 0.040952
2 0.318571 0.748571 0.011429 0.041905
2 0.466071 0.785238 0.009286 0.035238
2 0.485000 0.654762 0.014286 0.027619
0 0.312143 0.475714 0.004286 0.018095
1 0.416786 0.308095 0.009286 0.016190
1 0.396786 0.230000 0.009286 0.010476
1 0.453214 0.203333 0.010714 0.006667
1 0.433929 0.198571 0.010714 0.006667
