1 0.160357 0.901429 0.055000 0.044762
1 0.441429 0.927143 0.030000 0.082857
0 0.638571 0.782381 0.007143 0.012381
0 0.671786 0.763333 0.006429 0.012381
2 0.655000 0.769524 0.010000 0.022857
2 0.657857 0.746667 0.010000 0.019048
2 0.681786 0.710476 0.012143 0.019048
2 0.636786 0.679048 0.012143 0.030476
0 0.655357 0.673810 0.007857 0.014286
0 0.631786 0.643333 0.006429 0.010476
0 0.658929 0.604286 0.009286 0.016190
0 0.666071 0.596190 0.006429 0.011429
0 0.671429 0.598571 0.008571 0.012381
2 0.665000 0.630952 0.008571 0.023810
1 0.603214 0.666667 0.042143 0.043810
1 0.618571 0.570952 0.042857 0.029524
1 0.621429 0.541905 0.042857 0.030476
1 0.620357 0.516667 0.040714 0.029524
1 0.623929 0.487143 0.037857 0.035238
1 0.700000 0.457619 0.044286 0.027619
1 0.625000 0.428571 0.037143 0.034286
1 0.645000 0.386190 0.017143 0.048571
0 0.675714 0.398571 0.007143 0.016190
0 0.660714 0.397143 0.007143 0.013333
0 0.714286 0.168095 0.007143 0.016190
2 0.670357 0.146190 0.007857 0.020000
0 0.674643 0.185714 0.009286 0.015238
1 0.691429 0.181429 0.015714 0.039048
1 0.644643 0.124286 0.016429 0.039048
1 0.652143 0.050476 0.015714 0.036190
1 0.655357 0.017143 0.016429 0.034286
0 0.685000 0.014286 0.005714 0.015238
0 0.689286 0.014762 0.005714 0.016190
0 0.725714 0.035714 0.007143 0.018095
2 0.729643 0.160952 0.009286 0.015238
0 0.457143 0.710476 0.007143 0.013333
0 0.472857 0.717143 0.008571 0.011429
0 0.439286 0.701429 0.010000 0.014286
0 0.469643 0.700000 0.009286 0.013333
0 0.483571 0.672381 0.008571 0.015238
2 0.509286 0.661905 0.027143 0.024762
2 0.493929 0.623333 0.007857 0.031429
0 0.497857 0.457143 0.007143 0.019048
0 0.347143 0.415714 0.007143 0.020000
1 0.476429 0.385238 0.028571 0.042857
1 0.532500 0.330000 0.019286 0.048571
2 0.526429 0.289048 0.008571 0.020000
0 0.563214 0.222381 0.006429 0.020000
2 0.550357 0.191429 0.010714 0.019048
0 0.412143 0.236667 0.007143 0.025714
0 0.389286 0.207619 0.007143 0.020952
0 0.341071 0.236667 0.005000 0.016190
0 0.336071 0.236190 0.006429 0.017143
0 0.327857 0.235238 0.008571 0.017143
2 0.398571 0.131905 0.007143 0.021905
1 0.433929 0.137143 0.019286 0.041905
2 0.433571 0.087143 0.010000 0.023810
1 0.647500 0.340476 0.017857 0.044762
2 0.557857 0.122857 0.007143 0.019048
1 0.557857 0.082857 0.015714 0.036190
1 0.580357 0.037619 0.017857 0.035238
1 0.055357 0.335238 0.043571 0.051429
