0 0.173750 0.377333 0.018500 0.045333
0 0.380250 0.596000 0.016500 0.046667
0 0.379750 0.474333 0.015500 0.044667
0 0.378750 0.448333 0.007500 0.022000
0 0.383000 0.438333 0.019000 0.031333
0 0.388500 0.484667 0.015000 0.045333
0 0.401250 0.473333 0.009500 0.022667
0 0.410000 0.561667 0.015000 0.052667
0 0.428750 0.561333 0.006500 0.025333
0 0.438000 0.527667 0.012000 0.052667
0 0.455750 0.451333 0.013500 0.045333
0 0.504500 0.613333 0.013000 0.049333
0 0.519000 0.629000 0.013000 0.035333
0 0.522500 0.599667 0.014000 0.043333
