1 0.329500 0.536000 0.016000 0.025333
1 0.524000 0.415000 0.010000 0.016667
1 0.384250 0.385000 0.018500 0.012667
1 0.367750 0.394000 0.016500 0.012000
1 0.349750 0.387000 0.013500 0.011333
1 0.254500 0.380667 0.010000 0.014667
1 0.292250 0.386333 0.014500 0.011333
1 0.280500 0.394667 0.018000 0.013333
2 0.369250 0.408333 0.010500 0.008667
1 0.396750 0.382333 0.015500 0.011333
1 0.487500 0.393000 0.022000 0.012667
1 0.698750 0.474333 0.035500 0.020667
1 0.662250 0.412333 0.016500 0.012667
1 0.649250 0.413667 0.020500 0.012667
1 0.645250 0.496000 0.038500 0.018667
1 0.656000 0.504667 0.039000 0.020000
1 0.633500 0.545000 0.030000 0.028667
1 0.589500 0.545000 0.047000 0.027333
1 0.738750 0.577333 0.046500 0.029333
1 0.751000 0.600333 0.038000 0.031333
0 0.658500 0.540667 0.006000 0.020000
0 0.687250 0.532667 0.008500 0.024000
1 0.553750 0.495000 0.036500 0.018000
1 0.747000 0.775333 0.076000 0.053333
1 0.290500 0.336000 0.007000 0.008000
