1 0.285000 0.497143 0.014286 0.040000
1 0.296071 0.682857 0.013571 0.038095
1 0.314643 0.695714 0.015000 0.039048
2 0.556429 0.884286 0.007143 0.018095
2 0.572500 0.821429 0.007857 0.016190
2 0.557857 0.787619 0.005714 0.017143
1 0.825000 0.933333 0.015714 0.038095
1 0.580357 0.587143 0.012143 0.039048
1 0.696786 0.551905 0.013571 0.040952
1 0.701071 0.624286 0.013571 0.037143
2 0.730000 0.811429 0.005714 0.019048
2 0.741429 0.935714 0.007143 0.018095
2 0.561786 0.561905 0.006429 0.015238
1 0.577143 0.454286 0.014286 0.036190
1 0.696429 0.478095 0.012857 0.036190
1 0.569286 0.328095 0.012857 0.040952
1 0.567500 0.255238 0.013571 0.038095
1 0.560357 0.135714 0.016429 0.039048
2 0.587500 0.301429 0.007857 0.018095
2 0.552143 0.221905 0.007143 0.019048
2 0.720714 0.091429 0.007143 0.017143
1 0.699286 0.010476 0.014286 0.020952
1 0.681071 0.010476 0.012143 0.020952
1 0.860000 0.054286 0.021429 0.020952
2 0.577143 0.013810 0.011429 0.016190
