0 0.439643 0.454762 0.009286 0.016190
0 0.472143 0.575238 0.005714 0.017143
0 0.489286 0.527619 0.007143 0.017143
0 0.680714 0.415714 0.010000 0.014286
0 0.571071 0.390000 0.007857 0.016190
0 0.406071 0.438095 0.005000 0.015238
0 0.399286 0.444762 0.011429 0.013333
0 0.487857 0.470476 0.008571 0.015238
2 0.392857 0.503810 0.020000 0.024762
2 0.477500 0.530000 0.007857 0.021905
2 0.437500 0.502381 0.022143 0.008571
2 0.623571 0.513810 0.022857 0.014286
2 0.583571 0.530476 0.010000 0.028571
2 0.576786 0.628095 0.025000 0.023810
0 0.420000 0.438095 0.010000 0.015238
0 0.747500 0.325238 0.007857 0.018095
0 0.760357 0.324286 0.012143 0.016190
0 0.857500 0.569048 0.012143 0.020000
2 0.920714 0.626667 0.021429 0.013333
2 0.773929 0.708095 0.025000 0.014286
0 0.789286 0.141905 0.007143 0.015238
2 0.792500 0.162381 0.009286 0.016190
2 0.812500 0.070952 0.010714 0.012381
1 0.515357 0.033333 0.025000 0.034286
