0 0.070000 0.951429 0.017143 0.020952
0 0.420000 0.895714 0.010000 0.014286
0 0.529643 0.799048 0.009286 0.019048
0 0.678929 0.651905 0.007857 0.016190
0 0.689643 0.630476 0.007857 0.015238
0 0.533571 0.223333 0.005714 0.014286
0 0.617500 0.496190 0.006429 0.017143
0 0.600000 0.960000 0.011429 0.020952
2 0.349643 0.980952 0.026429 0.013333
2 0.664643 0.712381 0.010714 0.026667
2 0.730714 0.816190 0.017143 0.034286
2 0.783214 0.988571 0.025000 0.019048
2 0.592857 0.852857 0.008571 0.029524
2 0.613214 0.598571 0.007857 0.023810
2 0.637500 0.596667 0.015000 0.020000
2 0.644643 0.612857 0.015000 0.020000
2 0.581786 0.466190 0.007857 0.018095
2 0.575714 0.409048 0.007143 0.018095
2 0.568929 0.378571 0.007857 0.016190
2 0.582500 0.362857 0.007857 0.015238
2 0.581786 0.345238 0.012143 0.014286
2 0.578929 0.337619 0.009286 0.014286
2 0.573929 0.319048 0.009286 0.011429
2 0.572500 0.310952 0.010714 0.010476
2 0.570714 0.947619 0.015714 0.034286
1 0.560357 0.701905 0.026429 0.059048
1 0.654286 0.658571 0.027143 0.052381
1 0.773571 0.440952 0.028571 0.040000
1 0.550357 0.220952 0.013571 0.022857
1 0.493929 0.224286 0.012143 0.025714
1 0.538571 0.179524 0.012857 0.021905
1 0.544286 0.200952 0.014286 0.022857
1 0.494286 0.203333 0.014286 0.023810
1 0.490714 0.185714 0.011429 0.017143
1 0.470714 0.060000 0.010000 0.017143
1 0.537857 0.513333 0.020000 0.045714
1 0.504643 0.286667 0.012143 0.028571
1 0.510357 0.060476 0.009286 0.016190
1 0.489286 0.049524 0.010000 0.015238
