1 0.851786 0.929048 0.057857 0.044762
1 0.841429 0.851905 0.058571 0.069524
1 0.836071 0.753333 0.059286 0.041905
0 0.810000 0.614762 0.010000 0.010476
2 0.839286 0.564762 0.025714 0.015238
2 0.818571 0.461429 0.020000 0.016190
2 0.817143 0.442857 0.022857 0.011429
2 0.721786 0.534286 0.026429 0.015238
1 0.724286 0.431905 0.052857 0.056190
1 0.723214 0.373810 0.052143 0.052381
2 0.826071 0.358095 0.023571 0.015238
0 0.781786 0.160000 0.009286 0.015238
0 0.784286 0.123333 0.012857 0.018095
0 0.750714 0.142381 0.010000 0.021905
0 0.706429 0.197619 0.010000 0.020000
1 0.710000 0.148571 0.054286 0.032381
1 0.707143 0.114286 0.051429 0.030476
1 0.757500 0.039524 0.033571 0.073333
1 0.512857 0.418571 0.027143 0.080952
2 0.567143 0.148095 0.008571 0.029524
0 0.482857 0.035238 0.007143 0.019048
2 0.472857 0.026190 0.010000 0.029524
1 0.382857 0.189048 0.022857 0.067619
1 0.376786 0.390476 0.056429 0.034286
1 0.372857 0.433810 0.055714 0.031429
1 0.374286 0.470476 0.054286 0.032381
1 0.376786 0.508095 0.042143 0.031429
1 0.375357 0.546667 0.050714 0.030476
1 0.378214 0.623333 0.055000 0.035238
1 0.374643 0.670476 0.055000 0.036190
1 0.377857 0.713810 0.054286 0.035238
1 0.377143 0.757143 0.057143 0.032381
1 0.378571 0.802381 0.060000 0.039048
1 0.375357 0.845714 0.059286 0.040000
1 0.375714 0.890000 0.057143 0.039048
1 0.377500 0.973810 0.062143 0.039048
0 0.331071 0.894286 0.009286 0.017143
0 0.330000 0.800952 0.010000 0.011429
0 0.320000 0.799048 0.008571 0.011429
2 0.306786 0.784762 0.023571 0.024762
2 0.789286 0.933333 0.010000 0.032381
0 0.761071 0.823333 0.013571 0.012381
