1 0.340714 0.947619 0.057143 0.074286
1 0.421786 0.949524 0.046429 0.081905
0 0.456786 0.895238 0.009286 0.019048
0 0.528571 0.793810 0.008571 0.010476
1 0.425357 0.701429 0.052143 0.063810
1 0.477500 0.627619 0.050714 0.060952
1 0.485357 0.585238 0.055000 0.061905
1 0.495714 0.540476 0.052857 0.061905
1 0.634286 0.315238 0.041429 0.060952
1 0.719286 0.301905 0.042857 0.057143
2 0.071786 0.190476 0.020714 0.028571
2 0.115000 0.151429 0.022857 0.024762
0 0.202500 0.552857 0.012143 0.012381
2 0.696429 0.699524 0.017143 0.029524
1 0.710000 0.747143 0.045714 0.071429
2 0.776786 0.447143 0.027857 0.039048
2 0.828571 0.395238 0.020000 0.032381
0 0.721429 0.026190 0.012857 0.021905
1 0.826786 0.891429 0.053571 0.060952
1 0.946786 0.644286 0.045000 0.060000
1 0.960357 0.621429 0.052143 0.063810
1 0.973929 0.592857 0.052143 0.061905
1 0.982500 0.558571 0.035000 0.048571
