1 0.769572 0.173933 0.020355 0.019481
2 0.747390 0.203154 0.008351 0.007421
1 0.534186 0.471707 0.026618 0.043599
1 0.544102 0.443878 0.017223 0.019481
1 0.479384 0.426252 0.036013 0.030612
1 0.490605 0.366419 0.031315 0.033395
1 0.326983 0.504174 0.022443 0.041744
1 0.323591 0.613173 0.027140 0.051948
1 0.273747 0.539425 0.022443 0.043599
1 0.243737 0.553340 0.021921 0.045455
1 0.110386 0.949443 0.028706 0.088126
0 0.530532 0.219388 0.004697 0.017625
2 0.079854 0.292672 0.010438 0.010204
2 0.037056 0.323748 0.005219 0.014842
1 0.038622 0.255566 0.012526 0.023191
0 0.029228 0.198980 0.004175 0.013915
1 0.018006 0.202226 0.013048 0.025974
1 0.004958 0.205937 0.009916 0.029685
1 0.067328 0.110390 0.009395 0.018553
1 0.070981 0.063544 0.010438 0.015770
1 0.073852 0.009740 0.008873 0.013915
1 0.048017 0.006494 0.009395 0.012987
1 0.268528 0.108998 0.010960 0.015770
1 0.273486 0.123377 0.010438 0.018553
