1 0.149250 0.570333 0.043500 0.052667
1 0.108250 0.321333 0.023500 0.022667
1 0.005500 0.296667 0.011000 0.021333
1 0.108500 0.236000 0.032000 0.014667
0 0.096250 0.228000 0.005500 0.014667
0 0.046000 0.178333 0.004000 0.010000
1 0.029000 0.170000 0.009000 0.008000
1 0.032500 0.167000 0.009000 0.008667
1 0.027500 0.159333 0.008000 0.008000
1 0.018000 0.166333 0.008000 0.007333
1 0.014000 0.156333 0.008000 0.006000
1 0.009750 0.152333 0.007500 0.007333
1 0.022000 0.150000 0.007000 0.006667
1 0.017250 0.139333 0.005500 0.006667
1 0.012500 0.129000 0.006000 0.004667
1 0.009000 0.126333 0.005000 0.004667
1 0.005500 0.122333 0.003000 0.004667
1 0.008250 0.120667 0.003500 0.004000
1 0.002750 0.119000 0.004500 0.004667
1 0.245250 0.244667 0.028500 0.014667
1 0.226000 0.230667 0.031000 0.013333
1 0.226500 0.234000 0.026000 0.013333
1 0.346250 0.235667 0.026500 0.014000
1 0.368750 0.283667 0.026500 0.019333
1 0.307000 0.289000 0.035000 0.014000
1 0.312500 0.298667 0.030000 0.014667
2 0.386250 0.283667 0.008500 0.014000
1 0.387750 0.353667 0.040500 0.022000
1 0.412000 0.360667 0.043000 0.025333
2 0.470500 0.405667 0.019000 0.027333
1 0.500500 0.434000 0.051000 0.036000
1 0.607500 0.513667 0.065000 0.043333
1 0.898000 0.726000 0.093000 0.076000
2 0.786000 0.463667 0.020000 0.024667
2 0.684000 0.369667 0.015000 0.020667
1 0.520500 0.369333 0.034000 0.025333
1 0.337000 0.189000 0.021000 0.010000
0 0.260000 0.207667 0.003000 0.008667
1 0.289000 0.186000 0.009000 0.010667
