2 0.034286 0.098095 0.012857 0.015238
2 0.026429 0.113333 0.011429 0.017143
2 0.033571 0.117619 0.010000 0.021905
2 0.041071 0.120000 0.010714 0.020952
2 0.085000 0.145714 0.012857 0.017143
2 0.107500 0.157619 0.012143 0.023810
2 0.114286 0.162857 0.012857 0.019048
2 0.126429 0.169524 0.011429 0.017143
2 0.137143 0.173333 0.014286 0.017143
2 0.147857 0.178571 0.012857 0.018095
2 0.153214 0.185238 0.010714 0.020000
2 0.169286 0.192857 0.012857 0.023810
2 0.141071 0.151429 0.012143 0.017143
2 0.204643 0.211429 0.012143 0.019048
2 0.247857 0.209048 0.017143 0.016190
0 0.257143 0.188095 0.007143 0.018095
2 0.023571 0.163810 0.014286 0.015238
2 0.067500 0.195238 0.015000 0.015238
2 0.121429 0.229048 0.015714 0.014286
2 0.161786 0.154762 0.009286 0.025714
2 0.163571 0.140952 0.012857 0.015238
1 0.112500 0.189524 0.037857 0.032381
0 0.091429 0.127619 0.010000 0.015238
0 0.225714 0.152381 0.005714 0.013333
2 0.307143 0.233333 0.018571 0.019048
2 0.333571 0.299048 0.017143 0.013333
2 0.176429 0.302857 0.020000 0.013333
2 0.182857 0.316667 0.017143 0.010476
2 0.180714 0.340952 0.015714 0.011429
2 0.086071 0.384762 0.016429 0.015238
2 0.103571 0.367143 0.018571 0.016190
2 0.008929 0.321905 0.017857 0.013333
2 0.222857 0.597143 0.018571 0.017143
1 0.292143 0.386667 0.045714 0.034286
1 0.372143 0.455714 0.038571 0.037143
1 0.450357 0.525238 0.046429 0.040952
0 0.361071 0.712381 0.010714 0.022857
0 0.295000 0.683810 0.008571 0.013333
2 0.280000 0.729524 0.018571 0.013333
2 0.281786 0.740000 0.017857 0.011429
2 0.285357 0.754286 0.017857 0.019048
2 0.290000 0.763333 0.018571 0.020000
2 0.395357 0.872381 0.017857 0.024762
0 0.518214 0.315714 0.005000 0.016190
0 0.619643 0.443810 0.007857 0.017143
0 0.802500 0.987143 0.009286 0.012381
0 0.732500 0.752857 0.009286 0.010476
0 0.773571 0.480952 0.007143 0.015238
0 0.787143 0.485714 0.010000 0.015238
0 0.787857 0.500000 0.007143 0.015238
2 0.794286 0.518095 0.022857 0.011429
2 0.785357 0.528095 0.020714 0.010476
2 0.787143 0.540476 0.022857 0.012381
2 0.791429 0.559524 0.018571 0.010476
2 0.789286 0.570000 0.022857 0.012381
2 0.786429 0.585238 0.018571 0.010476
2 0.821786 0.566190 0.023571 0.010476
2 0.806786 0.555238 0.020714 0.011429
2 0.817143 0.549524 0.020000 0.009524
2 0.819643 0.527143 0.019286 0.018095
2 0.846786 0.534286 0.017857 0.011429
2 0.833929 0.543333 0.019286 0.008571
2 0.850357 0.550952 0.019286 0.012381
2 0.820714 0.730952 0.020000 0.014286
2 0.845714 0.689524 0.022857 0.013333
2 0.882143 0.723333 0.022857 0.016190
2 0.877857 0.742857 0.022857 0.013333
2 0.976071 0.747143 0.025000 0.014286
2 0.705357 0.933333 0.015000 0.032381
2 0.691429 0.949048 0.015714 0.033333
2 0.683929 0.681429 0.019286 0.014286
2 0.675357 0.653810 0.017857 0.016190
2 0.667143 0.602857 0.020000 0.017143
2 0.636071 0.670000 0.019286 0.018095
2 0.597857 0.668095 0.020000 0.014286
1 0.718929 0.638571 0.052143 0.040952
2 0.442143 0.580000 0.020000 0.017143
1 0.583214 0.348571 0.040714 0.036190
1 0.660000 0.290952 0.038571 0.037143
2 0.397857 0.263810 0.008571 0.022857
2 0.408571 0.265714 0.007143 0.024762
2 0.416786 0.270000 0.005000 0.020000
2 0.425357 0.266190 0.006429 0.021905
2 0.693929 0.120952 0.010714 0.020952
2 0.740714 0.081905 0.008571 0.020952
2 0.858571 0.053810 0.008571 0.016190
1 0.825357 0.089524 0.035000 0.032381
1 0.825714 0.040476 0.031429 0.037143
1 0.853929 0.016190 0.029286 0.032381
