2 0.787500 0.514333 0.036000 0.048667
0 0.669750 0.479333 0.012500 0.038667
2 0.523250 0.909000 0.030500 0.110000
0 0.596750 0.798667 0.027500 0.072000
2 0.618250 0.768667 0.029500 0.078667
0 0.262250 0.866333 0.018500 0.046000
0 0.401250 0.670333 0.015500 0.070000
0 0.457750 0.640667 0.015500 0.065333
0 0.502500 0.616333 0.015000 0.054000
0 0.475750 0.603000 0.022500 0.052667
0 0.487000 0.604000 0.008000 0.030667
0 0.461500 0.588333 0.016000 0.027333
0 0.472750 0.570333 0.017500 0.055333
0 0.530250 0.476667 0.016500 0.050667
0 0.515000 0.483667 0.018000 0.030000
0 0.500750 0.478333 0.013500 0.038000
1 0.418500 0.484000 0.104000 0.065333
0 0.413000 0.396000 0.011000 0.042667
1 0.434250 0.431000 0.092500 0.058000
0 0.441000 0.387000 0.011000 0.042000
0 0.448250 0.381667 0.008500 0.042000
0 0.440500 0.369333 0.007000 0.040000
0 0.475000 0.386667 0.007000 0.024000
0 0.481250 0.379333 0.009500 0.041333
0 0.556500 0.374667 0.012000 0.041333
0 0.416250 0.317000 0.016500 0.035333
0 0.430750 0.314000 0.008500 0.034667
0 0.436750 0.302333 0.009500 0.035333
0 0.440250 0.295000 0.009500 0.038000
0 0.446500 0.288000 0.009000 0.032000
0 0.451250 0.303333 0.009500 0.036000
2 0.468000 0.308667 0.015000 0.025333
0 0.468500 0.296667 0.008000 0.029333
0 0.417250 0.298000 0.008500 0.029333
2 0.407000 0.285667 0.015000 0.024667
0 0.453000 0.272000 0.007000 0.034667
0 0.467250 0.253333 0.006500 0.022667
0 0.434000 0.246667 0.006000 0.032000
2 0.453500 0.261667 0.021000 0.016667
0 0.396750 0.170000 0.006500 0.024000
0 0.407750 0.187333 0.006500 0.024000
2 0.405750 0.167667 0.006500 0.016667
0 0.408500 0.216667 0.008000 0.028000
0 0.415500 0.200667 0.005000 0.024000
0 0.420750 0.200333 0.006500 0.024667
0 0.424000 0.215333 0.007000 0.026667
0 0.418250 0.217333 0.005500 0.029333
0 0.417250 0.212667 0.004500 0.012000
0 0.401500 0.209000 0.007000 0.030000
0 0.396250 0.200000 0.005500 0.021333
0 0.390000 0.206667 0.006000 0.016000
0 0.376750 0.194000 0.005500 0.025333
0 0.612250 0.155000 0.004500 0.019333
0 0.618750 0.155333 0.004500 0.022667
1 0.467000 0.131333 0.023000 0.017333
1 0.451000 0.122667 0.021000 0.018667
1 0.433500 0.116333 0.021000 0.015333
1 0.373000 0.087333 0.015000 0.017333
1 0.382500 0.093667 0.014000 0.014000
1 0.407500 0.102667 0.010000 0.013333
1 0.937250 0.330333 0.049500 0.044667
