1 0.288571 0.266667 0.020000 0.009524
1 0.281071 0.287143 0.022143 0.012381
1 0.278214 0.298095 0.025000 0.013333
1 0.274643 0.319524 0.026429 0.014286
2 0.214286 0.723333 0.011429 0.021905
2 0.216786 0.711429 0.010714 0.017143
2 0.185000 0.910952 0.010000 0.025714
1 0.044643 0.980000 0.063571 0.028571
1 0.102857 0.972381 0.047143 0.030476
1 0.347500 0.165714 0.017857 0.013333
1 0.348214 0.153333 0.016429 0.011429
1 0.351071 0.122381 0.015000 0.012381
1 0.520000 0.094762 0.007143 0.010476
1 0.547500 0.032381 0.013571 0.007619
1 0.549286 0.011429 0.011429 0.007619
1 0.622857 0.215238 0.021429 0.011429
1 0.618929 0.200476 0.016429 0.012381
1 0.612500 0.267143 0.012143 0.018095
1 0.665714 0.297143 0.020000 0.017143
0 0.605714 0.195714 0.002857 0.010476
1 0.548571 0.070000 0.008571 0.014286
0 0.562143 0.432857 0.004286 0.010476
1 0.896429 0.168095 0.017143 0.016190
1 0.883214 0.166190 0.015000 0.012381
1 0.892143 0.139048 0.011429 0.013333
1 0.764286 0.274286 0.014286 0.020952
2 0.488571 0.100952 0.015714 0.013333
2 0.263214 0.514286 0.012143 0.011429
