0 0.574500 0.801667 0.032000 0.052667
0 0.613000 0.639000 0.032000 0.056667
0 0.555000 0.500667 0.037000 0.072000
0 0.350000 0.461333 0.029000 0.058667
0 0.371250 0.452000 0.022500 0.040000
0 0.356750 0.402667 0.032500 0.078667
0 0.717250 0.849333 0.052500 0.041333
0 0.717000 0.789333 0.053000 0.050667
0 0.727750 0.729000 0.038500 0.040667
1 0.334750 0.916000 0.114500 0.166667
2 0.294000 0.422667 0.039000 0.082667
2 0.513500 0.467000 0.028000 0.083333
1 0.443500 0.412667 0.084000 0.200000
0 0.679250 0.338667 0.031500 0.058667
0 0.669250 0.286667 0.029500 0.054667
0 0.664750 0.258667 0.029500 0.064000
2 0.654500 0.267000 0.034000 0.071333
2 0.647250 0.208667 0.053500 0.060000
2 0.747500 0.154333 0.052000 0.051333
2 0.766000 0.131667 0.055000 0.043333
0 0.842750 0.084000 0.028500 0.060000
0 0.820500 0.084333 0.017000 0.042000
0 0.640750 0.135333 0.023500 0.069333
0 0.630500 0.108333 0.022000 0.062000
0 0.599250 0.102000 0.028500 0.069333
0 0.560750 0.115333 0.025500 0.072000
2 0.730000 0.028667 0.043000 0.030667
2 0.722000 0.017667 0.044000 0.031333
2 0.669500 0.020000 0.046000 0.040000
2 0.620750 0.032000 0.024500 0.057333
2 0.604500 0.036333 0.028000 0.055333
0 0.541250 0.023333 0.016500 0.045333
0 0.493750 0.030333 0.016500 0.060667
0 0.513000 0.017000 0.015000 0.034000
0 0.311000 0.184333 0.031000 0.068667
2 0.367250 0.105333 0.023500 0.066667
2 0.340500 0.099333 0.027000 0.069333
2 0.377000 0.027333 0.027000 0.054667
2 0.347750 0.048333 0.023500 0.048667
