0 0.506750 0.462000 0.008500 0.038667
0 0.465000 0.451333 0.009000 0.038667
0 0.465000 0.869667 0.023000 0.056667
0 0.196000 0.433333 0.016000 0.038667
0 0.264500 0.378333 0.009000 0.031333
0 0.356000 0.335000 0.007000 0.027333
0 0.026000 0.541333 0.023000 0.038667
0 0.235500 0.804667 0.025000 0.054667
0 0.316000 0.843333 0.020000 0.061333
0 0.157000 0.764000 0.022000 0.053333
0 0.177750 0.768667 0.025500 0.056000
0 0.198750 0.776333 0.015500 0.055333
0 0.257500 0.713000 0.014000 0.054000
0 0.199000 0.793000 0.013000 0.035333
0 0.547750 0.844333 0.020500 0.060667
0 0.509500 0.835667 0.025000 0.059333
0 0.647250 0.798333 0.018500 0.055333
0 0.658750 0.814667 0.012500 0.044000
0 0.653000 0.757667 0.018000 0.048667
0 0.794000 0.866667 0.018000 0.044000
0 0.778500 0.838667 0.033000 0.056000
0 0.712250 0.769000 0.018500 0.060667
2 0.470750 0.405667 0.010500 0.028667
0 0.514500 0.446667 0.009000 0.040000
0 0.531000 0.439000 0.009000 0.035333
0 0.494500 0.400333 0.010000 0.035333
0 0.498500 0.389667 0.008000 0.030000
0 0.415750 0.285667 0.007500 0.022000
0 0.406250 0.293000 0.008500 0.024667
0 0.423000 0.279000 0.005000 0.020667
0 0.418000 0.277333 0.007000 0.021333
0 0.392000 0.281333 0.008000 0.026667
0 0.422500 0.264333 0.005000 0.022000
0 0.431250 0.251000 0.005500 0.020667
0 0.433750 0.229000 0.006500 0.016667
0 0.426250 0.231667 0.004500 0.019333
0 0.425500 0.190667 0.005000 0.014667
0 0.427000 0.177667 0.004000 0.012667
0 0.422250 0.178667 0.003500 0.012000
0 0.438750 0.232667 0.004500 0.024000
0 0.310750 0.384000 0.008500 0.026667
0 0.302250 0.388667 0.009500 0.029333
0 0.366000 0.340667 0.009000 0.029333
0 0.378500 0.320333 0.009000 0.024667
2 0.395500 0.259333 0.010000 0.014667
2 0.373250 0.467333 0.011500 0.037333
1 0.568500 0.222333 0.029000 0.016667
1 0.527500 0.214000 0.016000 0.018667
1 0.912000 0.627333 0.091000 0.092000
1 0.923250 0.577333 0.092500 0.094667
1 0.950750 0.488000 0.083500 0.060000
1 0.907250 0.460667 0.064500 0.045333
1 0.840500 0.430333 0.065000 0.062000
1 0.786500 0.392667 0.056000 0.042667
1 0.739000 0.357333 0.047000 0.037333
1 0.694500 0.327667 0.038000 0.030000
1 0.638750 0.287667 0.032500 0.028667
0 0.620250 0.245333 0.004500 0.017333
0 0.578500 0.236333 0.005000 0.016667
0 0.582500 0.236333 0.004000 0.016667
0 0.594250 0.232667 0.004500 0.020000
1 0.521250 0.198333 0.013500 0.014000
1 0.515500 0.192667 0.013000 0.013333
1 0.471500 0.173667 0.012000 0.011333
1 0.484500 0.172333 0.010000 0.012667
1 0.473250 0.163333 0.009500 0.010667
1 0.468500 0.159000 0.008000 0.010000
1 0.462500 0.155667 0.009000 0.011333
1 0.480250 0.167000 0.008500 0.012667
0 0.567250 0.214667 0.004500 0.013333
0 0.560500 0.213000 0.004000 0.012667
0 0.807250 0.315667 0.008500 0.026000
0 0.811500 0.309667 0.007000 0.022000
0 0.844000 0.455667 0.016000 0.038000
0 0.471000 0.444667 0.010000 0.038667
1 0.322750 0.336667 0.050500 0.029333
1 0.347250 0.321667 0.048500 0.030000
1 0.435000 0.189667 0.013000 0.015333
2 0.219250 0.841000 0.060500 0.047333
2 0.123500 0.810000 0.036000 0.069333
2 0.202750 0.808000 0.063500 0.040000
2 0.922750 0.799333 0.056500 0.046667
0 0.154250 0.478000 0.011500 0.041333
2 0.171500 0.465667 0.025000 0.031333
