1 0.885357 0.681905 0.069286 0.085714
1 0.537143 0.654286 0.081429 0.085714
1 0.787857 0.611905 0.057143 0.063810
1 0.375357 0.502857 0.055000 0.049524
0 0.389286 0.487619 0.008571 0.028571
0 0.404643 0.493333 0.009286 0.028571
0 0.417857 0.498095 0.012857 0.030476
1 0.295000 0.435238 0.041429 0.034286
1 0.263571 0.408095 0.032857 0.031429
1 0.292500 0.381905 0.036429 0.026667
1 0.209286 0.362857 0.030000 0.028571
1 0.192500 0.342857 0.026429 0.026667
0 0.208571 0.304286 0.005714 0.020000
0 0.198214 0.316667 0.006429 0.018095
0 0.175000 0.301429 0.004286 0.006667
0 0.097500 0.285238 0.005000 0.010476
0 0.094643 0.283333 0.003571 0.012381
0 0.091071 0.282857 0.003571 0.011429
