1 0.406576 0.059369 0.017745 0.040816
1 0.403184 0.023191 0.013048 0.033395
1 0.478340 0.051948 0.016180 0.033395
1 0.512265 0.049629 0.019311 0.036178
1 0.533142 0.047310 0.019311 0.037106
0 0.472077 0.125696 0.003653 0.023191
1 0.443372 0.161874 0.018267 0.039889
1 0.484603 0.151670 0.019311 0.036178
1 0.562630 0.138683 0.020877 0.036178
1 0.343685 0.156308 0.026618 0.021336
1 0.340814 0.137291 0.021921 0.020408
1 0.336378 0.088126 0.027662 0.022263
1 0.337422 0.072820 0.023486 0.017625
1 0.336378 0.059833 0.026618 0.019481
1 0.370564 0.396568 0.048017 0.043599
1 0.373956 0.464286 0.054802 0.043599
1 0.572286 0.456865 0.034969 0.071429
1 0.723904 0.413265 0.027140 0.039889
1 0.602557 0.679963 0.062109 0.055659
1 0.591597 0.616883 0.058977 0.057514
1 0.602557 0.923933 0.063152 0.115028
2 0.921712 0.895640 0.017745 0.051020
0 0.897182 0.990724 0.010438 0.016698
0 0.062891 0.065863 0.007829 0.018553
