1 0.840357 0.771905 0.063571 0.042857
0 0.320000 0.420952 0.004286 0.022857
0 0.430000 0.305238 0.004286 0.012381
1 0.519643 0.273333 0.009286 0.011429
1 0.522143 0.306190 0.010000 0.012381
1 0.686429 0.510000 0.035714 0.023810
0 0.695357 0.464286 0.010714 0.016190
2 0.720357 0.502381 0.016429 0.018095
0 0.566071 0.419524 0.003571 0.014286
0 0.553571 0.410000 0.002857 0.014286
1 0.535714 0.799524 0.025714 0.067619
1 0.537143 0.727143 0.022857 0.061905
1 0.511429 0.637143 0.032857 0.045714
2 0.638571 0.674762 0.007143 0.018095
2 0.806786 0.710476 0.012143 0.028571
2 0.760357 0.707143 0.010714 0.027619
0 0.127143 0.704286 0.011429 0.020000
2 0.258214 0.587143 0.016429 0.020000
1 0.382143 0.194286 0.007143 0.009524
