2 0.460595 0.195269 0.003653 0.010204
2 0.462944 0.182746 0.003132 0.009276
2 0.472860 0.173933 0.003132 0.008349
2 0.431889 0.282004 0.004697 0.011132
2 0.429802 0.307978 0.003653 0.014842
2 0.364040 0.603432 0.006785 0.015770
2 0.319154 0.869666 0.007829 0.025046
2 0.314196 0.940631 0.012526 0.055659
2 0.671973 0.737013 0.008873 0.021336
2 0.597338 0.540816 0.017223 0.016698
2 0.585334 0.219388 0.003653 0.008349
2 0.641962 0.675325 0.015658 0.035250
2 0.725209 0.795918 0.007829 0.033395
2 0.887004 0.923933 0.015136 0.053803
2 0.896399 0.925788 0.014092 0.040816
1 0.906576 0.517625 0.036534 0.031540
2 0.621868 0.286642 0.003653 0.011132
2 0.623434 0.269017 0.003653 0.011132
2 0.494781 0.047774 0.002088 0.006494
2 0.496086 0.033395 0.002610 0.005566
2 0.497651 0.019017 0.001566 0.004638
0 0.573852 0.134045 0.003653 0.015770
0 0.583246 0.150742 0.002610 0.010204
0 0.582203 0.146104 0.002610 0.012059
1 0.552975 0.067718 0.006785 0.011132
1 0.561587 0.144249 0.009395 0.013915
1 0.544624 0.092764 0.007829 0.012987
1 0.541232 0.003247 0.005219 0.006494
0 0.563935 0.022727 0.001566 0.008349
