1 0.176071 0.244286 0.032143 0.080952
1 0.033571 0.489524 0.057143 0.104762
1 0.247143 0.321905 0.064286 0.076190
1 0.367857 0.204762 0.042857 0.070476
1 0.327857 0.308571 0.070000 0.059048
1 0.399643 0.334286 0.062143 0.049524
1 0.455714 0.331429 0.038571 0.097143
1 0.296071 0.429048 0.083571 0.052381
2 0.073571 0.329524 0.025714 0.034286
2 0.124286 0.289048 0.022857 0.033333
2 0.088571 0.466667 0.027143 0.041905
1 0.163571 0.895714 0.062857 0.124762
2 0.565357 0.298571 0.020714 0.033333
2 0.657857 0.324762 0.035714 0.019048
2 0.965714 0.123333 0.027143 0.037143
1 0.763214 0.389524 0.066429 0.080000
2 0.717500 0.478095 0.030714 0.038095
2 0.836071 0.670000 0.023571 0.035238
2 0.822500 0.698095 0.027857 0.034286
1 0.857500 0.793333 0.092143 0.060952
2 0.897500 0.856190 0.037857 0.026667
1 0.873571 0.130476 0.050000 0.068571
1 0.931786 0.073333 0.062143 0.070476
2 0.105357 0.016190 0.029286 0.030476
