1 0.579643 0.704762 0.027857 0.030476
1 0.651429 0.795238 0.035714 0.038095
1 0.615000 0.745238 0.028571 0.035238
1 0.531071 0.640000 0.023571 0.024762
1 0.557857 0.670476 0.022857 0.028571
1 0.041786 0.628571 0.029286 0.020952
0 0.332857 0.679524 0.004286 0.014286
0 0.361429 0.686190 0.004286 0.012381
0 0.400357 0.698571 0.003571 0.012381
1 0.406429 0.470000 0.018571 0.016190
1 0.412143 0.407619 0.010000 0.009524
1 0.369286 0.398571 0.012857 0.006667
1 0.367143 0.392381 0.014286 0.009524
1 0.363571 0.388571 0.010000 0.009524
1 0.356071 0.383810 0.012143 0.007619
1 0.383571 0.379048 0.008571 0.007619
1 0.493929 0.406667 0.007857 0.009524
1 0.485357 0.405714 0.006429 0.011429
1 0.475714 0.407619 0.007143 0.011429
1 0.456429 0.409524 0.005714 0.009524
1 0.515357 0.404286 0.009286 0.008571
1 0.501071 0.391429 0.010714 0.007619
1 0.486429 0.395238 0.010000 0.009524
1 0.493929 0.393333 0.009286 0.009524
1 0.479286 0.395714 0.010000 0.010476
1 0.556786 0.413333 0.012143 0.009524
1 0.466071 0.409048 0.007857 0.010476
0 0.435000 0.427619 0.002857 0.005714
0 0.420714 0.438095 0.001429 0.007619
1 0.589286 0.420952 0.010000 0.007619
1 0.576071 0.400000 0.007857 0.007619
1 0.585000 0.400952 0.008571 0.009524
2 0.769643 0.906667 0.022143 0.022857
2 0.882143 0.901905 0.015714 0.020952
2 0.930357 0.926667 0.026429 0.032381
2 0.728929 0.779524 0.012143 0.018095
2 0.735714 0.787143 0.007143 0.016190
2 0.677857 0.755714 0.004286 0.018095
2 0.783929 0.784286 0.017857 0.021905
2 0.741071 0.749524 0.012143 0.015238
1 0.828214 0.904762 0.050714 0.059048
1 0.773929 0.840952 0.027857 0.053333
1 0.219286 0.342857 0.011429 0.007619
