1 0.423571 0.856667 0.024286 0.080952
1 0.475714 0.844762 0.024286 0.078095
2 0.419286 0.767619 0.012857 0.030476
2 0.432857 0.697619 0.010000 0.021905
2 0.469643 0.689524 0.007857 0.022857
2 0.490000 0.681905 0.008571 0.020952
2 0.508214 0.679524 0.009286 0.021905
2 0.520714 0.603333 0.014286 0.018095
2 0.553929 0.592857 0.013571 0.018095
2 0.673571 0.510000 0.012857 0.016190
2 0.677143 0.486667 0.017143 0.015238
2 0.472857 0.085714 0.004286 0.009524
1 0.484286 0.047619 0.005714 0.007619
1 0.572857 0.045714 0.004286 0.007619
1 0.526071 0.034762 0.009286 0.006667
0 0.578571 0.621905 0.005714 0.013333
0 0.567857 0.630476 0.005714 0.015238
0 0.333929 0.658571 0.007857 0.018095
