1 0.030714 0.947143 0.061429 0.042857
1 0.271071 0.950476 0.062143 0.041905
1 0.810000 0.942857 0.068571 0.045714
1 0.900000 0.962381 0.070000 0.042857
1 0.981429 0.972857 0.037143 0.044762
1 0.487857 0.605714 0.024286 0.057143
2 0.292143 0.890952 0.030000 0.020000
2 0.460357 0.614762 0.010714 0.033333
2 0.498571 0.235238 0.008571 0.024762
0 0.481786 0.903333 0.010714 0.016190
0 0.483929 0.917619 0.007857 0.010476
0 0.491786 0.922381 0.009286 0.016190
0 0.478214 0.818571 0.009286 0.012381
0 0.492500 0.823333 0.009286 0.014286
0 0.595000 0.811905 0.012857 0.012381
0 0.628571 0.174286 0.008571 0.017143
0 0.666071 0.250476 0.006429 0.017143
0 0.672143 0.321429 0.007143 0.018095
