2 0.263214 0.912381 0.027857 0.087619
2 0.292143 0.540952 0.031429 0.093333
1 0.027500 0.453333 0.055000 0.060952
1 0.037857 0.138095 0.050000 0.112381
1 0.691429 0.041429 0.044286 0.082857
2 0.736071 0.060000 0.030714 0.032381
2 0.752857 0.042857 0.025714 0.024762
2 0.757143 0.022381 0.034286 0.025714
2 0.670714 0.289524 0.017143 0.045714
1 0.627143 0.337143 0.084286 0.097143
2 0.738929 0.286667 0.036429 0.026667
2 0.736429 0.271429 0.034286 0.030476
2 0.773929 0.280000 0.036429 0.030476
2 0.775357 0.303333 0.037857 0.025714
2 0.780714 0.323810 0.040000 0.022857
2 0.747143 0.337619 0.040000 0.027619
2 0.755714 0.361429 0.042857 0.027619
2 0.774286 0.381905 0.040000 0.026667
2 0.758929 0.406667 0.033571 0.032381
2 0.773571 0.418571 0.038571 0.021905
2 0.770000 0.437143 0.038571 0.024762
2 0.801429 0.434286 0.034286 0.034286
2 0.821429 0.418095 0.015714 0.049524
2 0.838214 0.411429 0.025000 0.045714
0 0.805357 0.319048 0.016429 0.036190
1 0.642143 0.428571 0.085714 0.102857
2 0.647143 0.624286 0.038571 0.025714
2 0.667500 0.635238 0.049286 0.024762
2 0.689643 0.605238 0.046429 0.023810
0 0.736786 0.589524 0.016429 0.020952
0 0.730714 0.610952 0.018571 0.031429
0 0.748214 0.647143 0.019286 0.025714
0 0.830714 0.629524 0.021429 0.022857
2 0.885000 0.605714 0.037143 0.022857
0 0.847143 0.898095 0.025714 0.020952
0 0.926071 0.981429 0.020714 0.029524
