2 0.137143 0.951905 0.034286 0.031429
2 0.032500 0.904286 0.030714 0.052381
2 0.006786 0.903810 0.013571 0.038095
2 0.015714 0.886667 0.022857 0.040000
2 0.081071 0.830476 0.015000 0.041905
2 0.115714 0.823810 0.021429 0.043810
2 0.103214 0.809524 0.017857 0.041905
0 0.062143 0.744286 0.014286 0.020000
0 0.279643 0.660952 0.012143 0.024762
1 0.328214 0.675714 0.053571 0.077143
2 0.302857 0.591429 0.022857 0.022857
2 0.281786 0.576190 0.025000 0.020952
2 0.276429 0.566190 0.024286 0.021905
0 0.386429 0.460000 0.005714 0.015238
0 0.315357 0.490000 0.010714 0.016190
2 0.443571 0.470952 0.021429 0.020000
2 0.453571 0.418095 0.015714 0.022857
2 0.495714 0.524762 0.021429 0.017143
2 0.501071 0.512857 0.023571 0.025714
2 0.509286 0.505714 0.024286 0.022857
2 0.516071 0.494286 0.022143 0.020952
2 0.522857 0.486667 0.022857 0.026667
2 0.505357 0.351429 0.013571 0.019048
0 0.532500 0.378571 0.006429 0.021905
0 0.524643 0.297143 0.007857 0.019048
2 0.549286 0.294762 0.014286 0.018095
0 0.551429 0.288571 0.007143 0.019048
1 0.614643 0.248095 0.040714 0.029524
1 0.653929 0.208095 0.039286 0.029524
1 0.668214 0.333333 0.046429 0.034286
1 0.736429 0.254286 0.040000 0.038095
1 0.812500 0.696667 0.049286 0.082857
1 0.827143 0.401429 0.034286 0.044762
2 0.770357 0.319048 0.013571 0.020952
2 0.828571 0.242857 0.012857 0.019048
2 0.893571 0.149048 0.011429 0.018095
1 0.948571 0.176190 0.025714 0.026667
1 0.891429 0.095714 0.022857 0.025714
2 0.737500 0.091905 0.012143 0.016190
1 0.807857 0.040476 0.031429 0.020000
2 0.824286 0.025238 0.015714 0.012381
0 0.344286 0.830952 0.008571 0.014286
0 0.354643 0.830000 0.010714 0.023810
2 0.373571 0.781429 0.025714 0.031429
2 0.588929 0.905714 0.025000 0.045714
