1 0.391750 0.253333 0.004500 0.005333
1 0.412000 0.266333 0.006000 0.007333
1 0.402500 0.265000 0.006000 0.007333
1 0.416250 0.286667 0.007500 0.008000
1 0.418000 0.291667 0.007000 0.008667
1 0.420500 0.296000 0.008000 0.012000
1 0.392000 0.315667 0.010000 0.015333
1 0.390750 0.324000 0.010500 0.014667
1 0.433000 0.330000 0.012000 0.012000
1 0.434750 0.341333 0.013500 0.014667
1 0.445500 0.367000 0.013000 0.019333
1 0.385750 0.452000 0.021500 0.030667
1 0.496250 0.706667 0.054500 0.096000
1 0.437500 0.758667 0.054000 0.130667
0 0.367750 0.966667 0.023500 0.062667
0 0.284500 0.920667 0.019000 0.070667
0 0.654750 0.907333 0.018500 0.072000
0 0.590750 0.841000 0.020500 0.067333
1 0.074000 0.635333 0.100000 0.046667
2 0.182000 0.600333 0.032000 0.024667
0 0.400250 0.461333 0.007500 0.029333
0 0.453500 0.399667 0.008000 0.022000
0 0.443500 0.380333 0.007000 0.019333
2 0.397000 0.299000 0.005000 0.011333
2 0.403750 0.326333 0.003500 0.011333
2 0.401750 0.350333 0.004500 0.012667
2 0.428500 0.370667 0.005000 0.017333
2 0.395000 0.469333 0.009000 0.016000
0 0.392000 0.280667 0.003000 0.010667
2 0.415000 0.277000 0.004000 0.008667
1 0.828250 0.536000 0.089500 0.048000
1 0.016750 0.391333 0.033500 0.022667
1 0.032750 0.431333 0.045500 0.025333
1 0.024250 0.447333 0.048500 0.037333
