1 0.808716 0.828850 0.057933 0.058442
1 0.601253 0.743506 0.058455 0.058442
0 0.554541 0.595547 0.008873 0.022263
1 0.553497 0.492115 0.024530 0.064007
1 0.579071 0.338126 0.022443 0.054731
1 0.592641 0.160019 0.010960 0.038033
1 0.562891 0.143321 0.017223 0.036178
1 0.576461 0.076531 0.015136 0.030612
0 0.889092 0.689239 0.009916 0.025974
2 0.724426 0.623840 0.005219 0.025046
2 0.129175 0.401206 0.009916 0.026902
2 0.188935 0.414657 0.004175 0.014842
2 0.195720 0.413729 0.006263 0.016698
2 0.202244 0.418367 0.006785 0.020408
2 0.209812 0.424861 0.005219 0.022263
2 0.215814 0.424861 0.007829 0.020408
2 0.290188 0.453154 0.005219 0.017625
2 0.297495 0.453618 0.005219 0.018553
2 0.317328 0.467996 0.007307 0.021336
2 0.327766 0.466141 0.008351 0.021336
2 0.350470 0.477273 0.004697 0.023191
2 0.357516 0.476345 0.005219 0.019481
2 0.364040 0.481911 0.006785 0.019481
2 0.376566 0.488868 0.007829 0.025974
2 0.427714 0.507421 0.005741 0.025974
2 0.436848 0.513451 0.007307 0.025046
2 0.450939 0.517625 0.004175 0.029685
2 0.459812 0.518089 0.004175 0.026902
2 0.467902 0.519944 0.005741 0.028757
1 0.318633 0.935993 0.063152 0.072356
1 0.238518 0.949907 0.063674 0.068646
0 0.181367 0.953618 0.012004 0.022263
1 0.184760 0.984694 0.029228 0.028757
1 0.110908 0.977737 0.036013 0.042672
1 0.075678 0.967069 0.052192 0.064007
1 0.031315 0.890538 0.062630 0.066790
2 0.031576 0.811224 0.026618 0.028757
1 0.015397 0.155380 0.028706 0.043599
