1 0.081000 0.644333 0.145000 0.112667
2 0.128750 0.369333 0.029500 0.028000
0 0.348250 0.918333 0.023500 0.055333
0 0.318250 0.843667 0.023500 0.062000
1 0.459250 0.704000 0.074500 0.172000
0 0.551750 0.701000 0.020500 0.048667
0 0.595750 0.627333 0.017500 0.044000
0 0.548250 0.945667 0.014500 0.036667
0 0.567000 0.952333 0.023000 0.040667
0 0.677500 0.742333 0.020000 0.040667
0 0.724000 0.588000 0.012000 0.046667
0 0.759250 0.545000 0.020500 0.051333
0 0.618750 0.529000 0.016500 0.047333
1 0.838000 0.501667 0.100000 0.068667
1 0.960500 0.525667 0.079000 0.070000
2 0.964500 0.445667 0.047000 0.030000
1 0.956250 0.417667 0.087500 0.064667
1 0.791500 0.389667 0.096000 0.067333
0 0.824000 0.355000 0.020000 0.048667
0 0.655250 0.335667 0.011500 0.034000
1 0.672000 0.331333 0.060000 0.060000
0 0.556250 0.289667 0.011500 0.039333
0 0.513500 0.361667 0.013000 0.042000
1 0.491500 0.369000 0.045000 0.079333
0 0.636000 0.222000 0.013000 0.028000
2 0.623000 0.210667 0.013000 0.025333
0 0.645250 0.203667 0.007500 0.026000
0 0.651500 0.189000 0.008000 0.026000
0 0.635500 0.173667 0.009000 0.026000
1 0.522000 0.296000 0.036000 0.061333
1 0.539000 0.228000 0.033000 0.052000
1 0.558000 0.165667 0.030000 0.046000
0 0.510000 0.251333 0.009000 0.034667
0 0.602750 0.133667 0.007500 0.027333
0 0.597250 0.120000 0.007500 0.026667
0 0.596500 0.101000 0.007000 0.027333
0 0.584750 0.069333 0.007500 0.025333
0 0.576750 0.093000 0.006500 0.022000
0 0.603000 0.028000 0.006000 0.018667
2 0.613000 0.030667 0.006000 0.020000
0 0.615000 0.015667 0.004000 0.019333
0 0.619500 0.010333 0.005000 0.020667
0 0.639000 0.085667 0.006000 0.027333
2 0.648250 0.081667 0.008500 0.019333
2 0.648250 0.082667 0.007500 0.018667
1 0.659500 0.056333 0.037000 0.024667
1 0.626750 0.056667 0.016500 0.024000
1 0.632750 0.038000 0.020500 0.025333
1 0.634250 0.019333 0.015500 0.016000
0 0.652750 0.014667 0.005500 0.018667
0 0.659000 0.015333 0.005000 0.018667
0 0.791500 0.189000 0.010000 0.030000
2 0.837000 0.163333 0.026000 0.021333
2 0.847500 0.136333 0.019000 0.014000
0 0.841500 0.123000 0.015000 0.023333
1 0.737250 0.177333 0.026500 0.044000
1 0.741500 0.060333 0.026000 0.026000
1 0.735250 0.022667 0.018500 0.022667
1 0.791000 0.061000 0.049000 0.020667
1 0.798000 0.074333 0.046000 0.027333
1 0.868250 0.067000 0.042500 0.023333
0 0.820250 0.082000 0.009500 0.025333
2 0.806750 0.106000 0.017500 0.018667
1 0.815500 0.148000 0.059000 0.033333
1 0.816000 0.134667 0.028000 0.024000
