1 0.395500 0.850333 0.149000 0.299333
2 0.509000 0.956333 0.033000 0.087333
0 0.714000 0.927000 0.062000 0.114000
0 0.222750 0.727000 0.061500 0.042000
0 0.177250 0.681333 0.067500 0.089333
0 0.252250 0.589000 0.060500 0.072667
0 0.102500 0.671333 0.075000 0.066667
0 0.116500 0.498333 0.067000 0.060667
0 0.055750 0.351000 0.092500 0.052667
0 0.091250 0.276667 0.101500 0.084000
2 0.172250 0.149000 0.078500 0.140667
0 0.435500 0.107333 0.045000 0.096000
0 0.568500 0.062667 0.034000 0.106667
2 0.909250 0.290667 0.129500 0.058667
2 0.824750 0.338667 0.119500 0.070667
2 0.760500 0.425333 0.114000 0.085333
2 0.956500 0.244000 0.087000 0.081333
0 0.618750 0.358667 0.045500 0.077333
2 0.604500 0.952333 0.051000 0.095333
