1 0.938250 0.487000 0.042500 0.039333
1 0.982750 0.607000 0.034500 0.047333
1 0.827750 0.904000 0.136500 0.102667
1 0.729250 0.649667 0.090500 0.052667
1 0.607250 0.954000 0.141500 0.092000
1 0.430500 0.881333 0.092000 0.136000
0 0.337000 0.919667 0.022000 0.050000
2 0.638500 0.461333 0.009000 0.014667
2 0.636250 0.472333 0.017500 0.012667
2 0.590500 0.471000 0.022000 0.022000
1 0.566250 0.455667 0.059500 0.034000
1 0.591500 0.332333 0.033000 0.023333
1 0.524750 0.338000 0.045500 0.024000
2 0.548750 0.393000 0.016500 0.016667
2 0.562500 0.386333 0.006000 0.016667
2 0.497250 0.294000 0.005500 0.014667
1 0.466750 0.299667 0.017500 0.023333
1 0.487250 0.525667 0.033500 0.064667
1 0.189250 0.899000 0.069500 0.155333
1 0.232000 0.712000 0.057000 0.106667
0 0.351000 0.697333 0.015000 0.042667
2 0.355000 0.627000 0.017000 0.035333
0 0.349250 0.657333 0.013500 0.041333
0 0.336500 0.671333 0.011000 0.030667
0 0.327500 0.665333 0.014000 0.036000
0 0.330750 0.610333 0.018500 0.040667
0 0.351250 0.587000 0.007500 0.024667
0 0.359000 0.584333 0.011000 0.031333
0 0.364250 0.549667 0.007500 0.023333
2 0.312750 0.571333 0.010500 0.028000
0 0.261000 0.528000 0.012000 0.033333
1 0.268500 0.571333 0.045000 0.072000
1 0.271000 0.238667 0.027000 0.012000
1 0.308750 0.234000 0.024500 0.012000
1 0.440000 0.217667 0.018000 0.010000
1 0.388500 0.225000 0.023000 0.014000
0 0.385500 0.217333 0.004000 0.010667
0 0.381000 0.218667 0.004000 0.012000
0 0.382750 0.232000 0.003500 0.013333
2 0.379000 0.235333 0.008000 0.009333
0 0.361000 0.239667 0.004000 0.015333
0 0.360750 0.246333 0.004500 0.012667
0 0.383500 0.250667 0.004000 0.014667
0 0.387750 0.251667 0.003500 0.014000
0 0.388250 0.248000 0.003500 0.016000
0 0.385500 0.244000 0.004000 0.013333
0 0.322000 0.431333 0.010000 0.029333
0 0.327000 0.411667 0.008000 0.026000
0 0.338500 0.414667 0.006000 0.024000
2 0.340250 0.403000 0.006500 0.012667
0 0.339750 0.387333 0.007500 0.021333
0 0.379250 0.366667 0.006500 0.021333
0 0.382500 0.364333 0.006000 0.022000
0 0.367250 0.366000 0.006500 0.022667
2 0.325250 0.360667 0.008500 0.017333
2 0.345250 0.329333 0.006500 0.012000
0 0.326750 0.314667 0.005500 0.018667
0 0.331250 0.308000 0.004500 0.018667
2 0.362500 0.321333 0.006000 0.013333
2 0.363500 0.273000 0.004000 0.008667
2 0.385250 0.302333 0.004500 0.008667
0 0.393750 0.273000 0.004500 0.016667
0 0.390250 0.272333 0.004500 0.016667
0 0.389500 0.268000 0.004000 0.014667
0 0.387250 0.281000 0.004500 0.018000
0 0.383250 0.273667 0.004500 0.015333
0 0.379750 0.273000 0.004500 0.015333
0 0.378250 0.279667 0.003500 0.014000
2 0.380750 0.299000 0.004500 0.010000
2 0.377250 0.291667 0.003500 0.008667
2 0.373000 0.277333 0.004000 0.008000
