0 0.664500 0.715333 0.030000 0.040000
1 0.062750 0.318667 0.081500 0.056000
1 0.178750 0.250000 0.065500 0.042667
1 0.021750 0.111333 0.043500 0.030667
0 0.097250 0.086333 0.010500 0.023333
1 0.075000 0.090667 0.046000 0.028000
1 0.506500 0.470000 0.046000 0.105333
1 0.940000 0.488667 0.100000 0.058667
1 0.904250 0.445333 0.099500 0.060000
1 0.927000 0.063000 0.044000 0.024667
1 0.866250 0.064000 0.041500 0.025333
0 0.874500 0.040333 0.008000 0.022000
0 0.865750 0.040333 0.007500 0.020667
0 0.833250 0.008000 0.007500 0.016000
2 0.723000 0.057667 0.009000 0.023333
1 0.695250 0.433333 0.055500 0.080000
0 0.739000 0.368000 0.013000 0.038667
0 0.714500 0.337667 0.011000 0.035333
2 0.619500 0.328333 0.012000 0.032667
1 0.440250 0.318000 0.054500 0.061333
1 0.572000 0.187667 0.058000 0.039333
2 0.515750 0.227333 0.019500 0.021333
1 0.243000 0.216333 0.062000 0.034000
1 0.332500 0.158333 0.045000 0.038000
0 0.313000 0.081667 0.008000 0.024667
0 0.325250 0.078333 0.007500 0.024667
1 0.500750 0.042333 0.016500 0.026000
1 0.498000 0.023333 0.016000 0.024000
1 0.491250 0.007000 0.013500 0.014000
