1 0.653445 0.066790 0.042797 0.064935
2 0.784969 0.080705 0.010438 0.027829
2 0.790710 0.329777 0.019833 0.032468
0 0.974426 0.196197 0.012526 0.041744
0 0.784708 0.662801 0.009916 0.028757
1 0.445198 0.569109 0.060543 0.110390
1 0.537578 0.693414 0.052192 0.125232
1 0.599426 0.560761 0.073591 0.106679
2 0.665188 0.634508 0.024530 0.040816
2 0.706420 0.558905 0.026618 0.036178
2 0.636482 0.375232 0.025574 0.028757
0 0.540449 0.935529 0.005741 0.028757
2 0.232516 0.679035 0.028706 0.040816
1 0.372912 0.530612 0.061065 0.109462
0 0.291493 0.450371 0.009916 0.017625
0 0.015919 0.319573 0.010960 0.023191
2 0.091858 0.868738 0.030271 0.043599
