1 0.594500 0.161667 0.038000 0.023333
1 0.494000 0.205333 0.033000 0.028000
1 0.462500 0.171333 0.044000 0.021333
1 0.415500 0.140000 0.031000 0.018667
1 0.389500 0.187000 0.041000 0.031333
1 0.362000 0.142667 0.034000 0.020000
1 0.254500 0.141667 0.035000 0.022000
1 0.328500 0.166000 0.040000 0.024000
1 0.332250 0.189000 0.035500 0.024667
1 0.326750 0.215000 0.049500 0.039333
1 0.431000 0.183333 0.047000 0.026667
1 0.535750 0.195667 0.018500 0.031333
1 0.439000 0.246333 0.058000 0.032667
1 0.429500 0.258333 0.056000 0.030000
1 0.417750 0.269000 0.060500 0.030000
1 0.557750 0.292667 0.043500 0.040000
1 0.538000 0.224667 0.026000 0.028000
1 0.577500 0.177333 0.031000 0.022667
1 0.564000 0.192333 0.039000 0.028667
1 0.650250 0.188667 0.030500 0.029333
1 0.679000 0.183000 0.029000 0.028667
0 0.808750 0.433333 0.016500 0.050667
0 0.695000 0.379000 0.017000 0.039333
0 0.567500 0.364000 0.011000 0.041333
0 0.665250 0.390333 0.010500 0.050000
0 0.494250 0.331333 0.009500 0.040000
0 0.509750 0.330000 0.009500 0.042667
0 0.506500 0.341667 0.009000 0.042000
0 0.506000 0.368333 0.010000 0.038000
0 0.473000 0.362333 0.012000 0.042000
0 0.536500 0.449667 0.013000 0.054000
0 0.504500 0.432000 0.015000 0.048000
0 0.518750 0.377000 0.010500 0.043333
0 0.496000 0.359000 0.008000 0.042000
0 0.503500 0.379667 0.010000 0.043333
0 0.539000 0.468667 0.014000 0.053333
0 0.853250 0.495000 0.018500 0.051333
2 0.501750 0.677333 0.022500 0.068000
2 0.452750 0.645000 0.018500 0.048667
0 0.514750 0.673000 0.017500 0.062000
0 0.539500 0.680667 0.017000 0.074667
0 0.626500 0.833000 0.021000 0.072667
0 0.596750 0.826333 0.021500 0.068667
0 0.559250 0.840667 0.020500 0.074667
0 0.450250 0.958667 0.021500 0.077333
0 0.495500 0.981667 0.027000 0.036667
0 0.568250 0.969000 0.030500 0.062000
2 0.198250 0.755667 0.042500 0.074000
2 0.013000 0.746000 0.026000 0.060000
2 0.027500 0.746333 0.035000 0.060667
2 0.042250 0.739000 0.039500 0.058000
2 0.061750 0.747000 0.035500 0.062000
2 0.077250 0.756333 0.040500 0.067333
2 0.105000 0.750000 0.038000 0.064000
2 0.125750 0.753000 0.033500 0.063333
2 0.159000 0.748000 0.030000 0.080000
0 0.367250 0.293333 0.014500 0.036000
0 0.426000 0.387667 0.008000 0.023333
2 0.983500 0.654000 0.033000 0.058667
1 0.138000 0.083667 0.029000 0.015333
1 0.321250 0.088000 0.029500 0.018667
