1 0.645000 0.539048 0.031429 0.047619
1 0.407143 0.810000 0.065714 0.073333
1 0.730357 0.272857 0.012143 0.018095
1 0.532143 0.179048 0.011429 0.013333
1 0.546429 0.159048 0.011429 0.011429
1 0.784643 0.104762 0.007857 0.009524
1 0.808929 0.081905 0.010714 0.005714
1 0.858214 0.075238 0.006429 0.005714
1 0.836429 0.088095 0.007143 0.006667
2 0.739286 0.185714 0.004286 0.007619
1 0.944643 0.230000 0.020714 0.012381
1 0.950357 0.249048 0.019286 0.010476
1 0.954286 0.259048 0.022857 0.009524
1 0.958571 0.267619 0.022857 0.011429
1 0.963214 0.279048 0.026429 0.009524
1 0.937857 0.210476 0.020000 0.007619
1 0.935714 0.204286 0.021429 0.008571
1 0.928571 0.186190 0.014286 0.010476
1 0.926786 0.179524 0.015000 0.008571
1 0.987857 0.238571 0.014286 0.018095
1 0.974643 0.216190 0.013571 0.017143
1 0.611071 0.120000 0.007857 0.007619
2 0.797857 0.308095 0.002857 0.008571
0 0.520714 0.170952 0.002857 0.008571
