2 0.038250 0.533667 0.012500 0.020667
2 0.025750 0.559000 0.016500 0.014000
0 0.016500 0.563000 0.006000 0.012667
0 0.059750 0.578667 0.013500 0.017333
0 0.206500 0.719333 0.013000 0.017333
0 0.190000 0.722667 0.008000 0.016000
0 0.328250 0.690333 0.010500 0.019333
0 0.086000 0.733000 0.009000 0.014000
0 0.023250 0.829000 0.010500 0.011333
0 0.021000 0.820333 0.014000 0.016667
0 0.201750 0.887333 0.009500 0.017333
0 0.200000 0.876000 0.006000 0.012000
1 0.673250 0.968000 0.050500 0.064000
1 0.539250 0.964333 0.055500 0.071333
1 0.700500 0.884667 0.046000 0.094667
1 0.737750 0.784000 0.043500 0.085333
1 0.764500 0.711667 0.036000 0.064667
1 0.588250 0.878000 0.055500 0.097333
1 0.689500 0.640000 0.040000 0.066667
1 0.806750 0.591000 0.028500 0.052667
1 0.842750 0.478667 0.029500 0.052000
1 0.751250 0.583667 0.033500 0.056667
1 0.717000 0.575667 0.033000 0.054000
1 0.740250 0.512333 0.026500 0.043333
0 0.777000 0.624667 0.012000 0.018667
1 0.486500 0.712000 0.057000 0.065333
1 0.635500 0.454333 0.039000 0.032667
1 0.991250 0.403667 0.017500 0.023333
1 0.943000 0.341333 0.042000 0.040000
1 0.796750 0.355000 0.045500 0.026000
1 0.754750 0.407000 0.047500 0.028667
0 0.867500 0.430667 0.011000 0.016000
