1 0.444643 0.522857 0.002143 0.001905
1 0.447500 0.538095 0.002143 0.003810
1 0.448929 0.561905 0.003571 0.005714
1 0.435357 0.590476 0.007857 0.007619
1 0.408571 0.587143 0.007143 0.008571
1 0.392857 0.615238 0.010000 0.011429
1 0.486071 0.542857 0.003571 0.003810
1 0.344286 0.700000 0.018571 0.022857
1 0.318571 0.732857 0.025714 0.027619
1 0.343929 0.761905 0.025000 0.032381
1 0.306429 0.802857 0.034286 0.045714
1 0.283571 0.776667 0.032857 0.039048
1 0.268929 0.757143 0.032143 0.030476
2 0.252857 0.784762 0.011429 0.024762
1 0.153929 0.887619 0.065000 0.043810
1 0.291786 0.960476 0.077857 0.054286
1 0.149286 0.967619 0.080000 0.057143
1 0.022857 0.885714 0.045714 0.043810
