0 0.294643 0.463810 0.017857 0.026667
0 0.324286 0.491429 0.011429 0.028571
0 0.321786 0.513810 0.013571 0.023810
0 0.887143 0.665238 0.024286 0.033333
0 0.865357 0.624286 0.020714 0.031429
0 0.951786 0.572857 0.025000 0.027619
0 0.846071 0.514286 0.015000 0.038095
0 0.831429 0.315714 0.017143 0.031429
0 0.815357 0.227143 0.013571 0.029524
2 0.710714 0.111429 0.015714 0.034286
2 0.837500 0.197619 0.025000 0.031429
2 0.836786 0.222381 0.013571 0.033333
2 0.773214 0.535714 0.040714 0.033333
0 0.704286 0.604286 0.014286 0.035238
2 0.575357 0.445238 0.016429 0.044762
2 0.546071 0.363333 0.016429 0.046667
2 0.344643 0.278571 0.016429 0.046667
2 0.288929 0.161429 0.033571 0.027619
2 0.354286 0.127619 0.028571 0.028571
2 0.376071 0.111905 0.027857 0.025714
1 0.441786 0.172381 0.060714 0.070476
1 0.493571 0.286667 0.042857 0.095238
1 0.717500 0.212857 0.055000 0.071429
2 0.972143 0.841429 0.055714 0.037143
2 0.955000 0.970952 0.057143 0.037143
2 0.858571 0.903810 0.060000 0.026667
