0 0.460000 0.940667 0.016000 0.034667
2 0.548250 0.859333 0.016500 0.054667
0 0.474000 0.809667 0.013000 0.040667
2 0.535250 0.633333 0.010500 0.033333
0 0.469750 0.627333 0.010500 0.033333
0 0.459500 0.628333 0.011000 0.036667
2 0.427750 0.620000 0.016500 0.034667
1 0.495000 0.533667 0.030000 0.059333
2 0.454000 0.514333 0.012000 0.026000
0 0.462000 0.477000 0.007000 0.026000
2 0.474750 0.481333 0.009500 0.024000
1 0.445500 0.460667 0.027000 0.049333
2 0.459000 0.432333 0.009000 0.020667
0 0.438500 0.420000 0.006000 0.025333
2 0.505500 0.432000 0.008000 0.022667
1 0.402000 0.373333 0.023000 0.036000
2 0.462500 0.376333 0.007000 0.019333
0 0.512250 0.395667 0.005500 0.026000
0 0.512250 0.392333 0.006500 0.024667
0 0.435500 0.352333 0.005000 0.016667
1 0.445000 0.326667 0.018000 0.029333
0 0.456000 0.311667 0.004000 0.014000
0 0.459000 0.309000 0.005000 0.019333
2 0.484250 0.302333 0.006500 0.015333
1 0.496250 0.296333 0.015500 0.020667
1 0.445750 0.304000 0.016500 0.025333
0 0.486250 0.279333 0.005500 0.018667
0 0.483500 0.266667 0.005000 0.014667
0 0.503000 0.279000 0.007000 0.020667
0 0.399500 0.316333 0.006000 0.019333
0 0.402250 0.314000 0.006500 0.018667
0 0.407500 0.313667 0.008000 0.020667
1 0.469000 0.264667 0.014000 0.021333
2 0.448000 0.266333 0.005000 0.014000
0 0.492750 0.243000 0.004500 0.015333
0 0.482750 0.225000 0.005500 0.015333
1 0.450000 0.172000 0.009000 0.012000
1 0.397500 0.186333 0.022000 0.012667
1 0.377500 0.196667 0.020000 0.012000
1 0.370500 0.189667 0.021000 0.012667
1 0.512500 0.182667 0.023000 0.012000
1 0.541250 0.186333 0.013500 0.012667
1 0.455500 0.154000 0.009000 0.012000
1 0.475250 0.148667 0.008500 0.009333
