1 0.581429 0.880476 0.064286 0.067619
1 0.437143 0.868571 0.025714 0.072381
1 0.365714 0.796667 0.058571 0.039048
1 0.210357 0.882857 0.056429 0.066667
1 0.228571 0.913333 0.052857 0.060952
2 0.260000 0.869524 0.017143 0.020952
1 0.140000 0.670476 0.038571 0.066667
0 0.484643 0.570952 0.009286 0.012381
1 0.887857 0.957143 0.050000 0.076190
1 0.922500 0.937619 0.037857 0.071429
0 0.932143 0.987619 0.014286 0.013333
0 0.953214 0.980952 0.016429 0.011429
0 0.948571 0.969524 0.012857 0.011429
1 0.517500 0.695714 0.026429 0.046667
0 0.543214 0.581429 0.013571 0.014286
0 0.597857 0.603333 0.007143 0.010476
2 0.611429 0.610952 0.015714 0.029524
2 0.625000 0.602381 0.014286 0.025714
2 0.641786 0.599524 0.019286 0.021905
0 0.596786 0.569048 0.009286 0.016190
0 0.638214 0.560000 0.009286 0.015238
1 0.667143 0.568571 0.050000 0.053333
2 0.724286 0.542381 0.020000 0.023810
0 0.706071 0.512381 0.012143 0.015238
0 0.692500 0.365238 0.009286 0.016190
0 0.700000 0.362381 0.007143 0.018095
