1 0.513309 0.253711 0.027662 0.091837
2 0.365344 0.509276 0.020877 0.035250
2 0.635699 0.337662 0.025052 0.027829
0 0.530010 0.580241 0.005741 0.032468
2 0.663100 0.526438 0.018267 0.017625
2 0.645877 0.505566 0.019311 0.029685
2 0.655271 0.607607 0.025574 0.027829
2 0.627610 0.578850 0.026618 0.027829
2 0.650574 0.676716 0.036013 0.023191
2 0.668058 0.819573 0.034447 0.023191
2 0.674582 0.706401 0.033925 0.032468
2 0.665971 0.857607 0.032359 0.026902
2 0.659447 0.970779 0.041232 0.036178
2 0.558455 0.940167 0.031315 0.030612
1 0.303236 0.905380 0.054280 0.161410
1 0.349165 0.608534 0.043841 0.126160
0 0.718163 0.108071 0.007307 0.032468
2 0.686065 0.121985 0.021399 0.017625
2 0.718685 0.093228 0.020877 0.021336
