1 0.429643 0.043333 0.012143 0.025714
1 0.496071 0.090000 0.013571 0.029524
1 0.492143 0.290476 0.017143 0.038095
1 0.490357 0.390000 0.017857 0.046667
1 0.510357 0.474762 0.019286 0.052381
1 0.482857 0.670000 0.024286 0.065714
1 0.508214 0.743333 0.023571 0.069524
1 0.746786 0.954762 0.062143 0.042857
1 0.498929 0.977619 0.025000 0.044762
1 0.464643 0.986667 0.023571 0.026667
1 0.494643 0.181905 0.013571 0.032381
1 0.973571 0.962381 0.052857 0.042857
1 0.452143 0.128095 0.012857 0.033333
2 0.471429 0.366667 0.007143 0.019048
2 0.486429 0.506667 0.008571 0.026667
2 0.650357 0.976190 0.025000 0.022857
2 0.483214 0.124286 0.005000 0.016190
2 0.512500 0.306190 0.009286 0.027619
0 0.425357 0.514286 0.006429 0.017143
0 0.458571 0.053810 0.004286 0.014286
0 0.435714 0.108571 0.004286 0.013333
0 0.439286 0.108571 0.004286 0.017143
0 0.400714 0.743810 0.007143 0.013333
0 0.407143 0.738571 0.010000 0.018095
0 0.416429 0.736190 0.005714 0.013333
0 0.417143 0.726190 0.007143 0.012381
0 0.424286 0.728571 0.007143 0.015238
0 0.765357 0.898571 0.016429 0.012381
