1 0.025714 0.986667 0.031429 0.026667
1 0.056071 0.969524 0.047857 0.060952
1 0.082857 0.949048 0.045714 0.082857
1 0.117500 0.927619 0.050714 0.081905
0 0.011786 0.933810 0.015000 0.016190
0 0.088571 0.875714 0.018571 0.010476
0 0.088571 0.863810 0.018571 0.011429
0 0.213214 0.912381 0.010714 0.015238
0 0.225000 0.913333 0.012857 0.015238
2 0.287500 0.970952 0.020714 0.021905
1 0.273214 0.787143 0.055000 0.063810
1 0.426786 0.634286 0.056429 0.068571
1 0.475000 0.611905 0.047143 0.067619
1 0.497857 0.588095 0.042857 0.061905
1 0.519643 0.560000 0.050714 0.066667
1 0.544286 0.539048 0.047143 0.068571
0 0.583214 0.502381 0.010714 0.014286
0 0.583214 0.491429 0.007857 0.009524
1 0.703929 0.475714 0.049286 0.060000
0 0.722143 0.482857 0.012857 0.013333
1 0.675357 0.417143 0.045000 0.064762
1 0.721786 0.360476 0.046429 0.061905
1 0.789286 0.381429 0.045714 0.058095
1 0.823571 0.463333 0.047143 0.052381
0 0.869643 0.289524 0.015000 0.022857
1 0.808929 0.203810 0.045000 0.055238
1 0.858214 0.161429 0.046429 0.054286
1 0.868214 0.132381 0.046429 0.059048
1 0.881786 0.101429 0.047857 0.058095
1 0.688214 0.964762 0.049286 0.070476
1 0.715357 0.953810 0.056429 0.084762
1 0.732500 0.919048 0.052143 0.078095
1 0.787143 0.861905 0.052857 0.078095
1 0.807500 0.830952 0.049286 0.073333
0 0.817500 0.927143 0.015000 0.010476
1 0.864286 0.985238 0.055714 0.029524
1 0.950000 0.923333 0.061429 0.075238
0 0.982857 0.805238 0.018571 0.016190
1 0.871786 0.750952 0.052143 0.077143
1 0.938214 0.397619 0.047857 0.054286
