0 0.453750 0.989000 0.021500 0.022000
0 0.505750 0.916667 0.041500 0.037333
2 0.384250 0.927000 0.033500 0.112667
2 0.404250 0.745333 0.038500 0.080000
0 0.042000 0.925000 0.054000 0.043333
0 0.063750 0.902333 0.052500 0.040667
0 0.222750 0.881333 0.039500 0.052000
0 0.256250 0.772667 0.038500 0.056000
0 0.148750 0.773000 0.051500 0.052667
0 0.310000 0.673333 0.030000 0.053333
2 0.905500 0.496000 0.041000 0.052000
0 0.554250 0.507333 0.016500 0.041333
0 0.313500 0.550333 0.026000 0.050000
0 0.116750 0.685000 0.036500 0.047333
0 0.140500 0.672000 0.024000 0.036000
0 0.211750 0.475667 0.033500 0.052667
0 0.222250 0.448000 0.021500 0.060000
0 0.530000 0.278000 0.018000 0.037333
0 0.236500 0.260667 0.018000 0.037333
0 0.212000 0.270000 0.019000 0.041333
1 0.022000 0.172667 0.043000 0.053333
1 0.078500 0.157000 0.050000 0.063333
1 0.126250 0.152333 0.053500 0.079333
1 0.179000 0.306000 0.096000 0.060000
1 0.158750 0.250333 0.099500 0.059333
1 0.281500 0.126000 0.043000 0.061333
1 0.389250 0.111667 0.043500 0.056667
1 0.434500 0.094333 0.038000 0.063333
1 0.512000 0.246000 0.106000 0.064000
1 0.540250 0.212000 0.092500 0.064000
1 0.572500 0.170000 0.074000 0.076000
2 0.491250 0.138333 0.020500 0.038000
0 0.586250 0.126000 0.012500 0.040000
0 0.595500 0.133667 0.010000 0.027333
0 0.633750 0.071333 0.005500 0.036000
0 0.678500 0.063000 0.009000 0.035333
1 0.615750 0.008667 0.044500 0.017333
1 0.505750 0.077333 0.059500 0.050667
1 0.555250 0.039667 0.052500 0.054000
0 0.492750 0.034667 0.004500 0.028000
0 0.487000 0.038000 0.006000 0.037333
0 0.487500 0.025333 0.005000 0.033333
1 0.461500 0.034667 0.051000 0.046667
1 0.460250 0.008333 0.039500 0.015333
