1 0.580714 0.520476 0.041429 0.025714
1 0.482500 0.503810 0.042143 0.026667
1 0.208929 0.507619 0.042143 0.026667
1 0.014643 0.504286 0.029286 0.023810
1 0.554643 0.402857 0.017857 0.036190
1 0.593929 0.343810 0.015000 0.028571
1 0.523214 0.359048 0.015000 0.030476
1 0.521786 0.261905 0.013571 0.024762
1 0.511786 0.093333 0.009286 0.019048
1 0.513929 0.078571 0.007857 0.021905
1 0.512500 0.069048 0.006429 0.014286
1 0.561429 0.123810 0.018571 0.017143
1 0.557857 0.094762 0.010000 0.016190
1 0.555357 0.080952 0.010714 0.015238
1 0.552857 0.068095 0.011429 0.016190
1 0.534643 0.049048 0.007857 0.020000
0 0.708571 0.968095 0.008571 0.018095
0 0.715714 0.962381 0.008571 0.016190
0 0.723571 0.966190 0.008571 0.018095
0 0.272857 0.436190 0.007143 0.015238
0 0.345714 0.432381 0.008571 0.019048
0 0.539643 0.343333 0.005000 0.018095
0 0.589286 0.251905 0.005714 0.016190
0 0.586071 0.210476 0.002143 0.015238
0 0.588571 0.213810 0.004286 0.008571
0 0.524643 0.112381 0.003571 0.013333
0 0.528571 0.113333 0.004286 0.013333
0 0.542500 0.124286 0.003571 0.014286
0 0.559643 0.155714 0.003571 0.012381
0 0.492143 0.615238 0.007143 0.017143
0 0.476071 0.549048 0.006429 0.016190
2 0.405357 0.489048 0.016429 0.010476
2 0.493929 0.470000 0.017857 0.012381
2 0.508214 0.465714 0.016429 0.011429
2 0.537143 0.462857 0.015714 0.011429
2 0.560000 0.355714 0.005714 0.018095
2 0.596429 0.371905 0.005714 0.014286
2 0.604286 0.404286 0.008571 0.021905
2 0.631071 0.421429 0.009286 0.020000
2 0.647500 0.483333 0.015000 0.014286
2 0.541429 0.444286 0.007143 0.021905
2 0.540000 0.200952 0.005714 0.013333
2 0.555357 0.175714 0.003571 0.010476
2 0.570000 0.172381 0.010000 0.011429
2 0.566071 0.155238 0.007857 0.011429
2 0.569286 0.182857 0.005714 0.013333
2 0.549643 0.145238 0.005000 0.008571
2 0.553929 0.138095 0.003571 0.011429
2 0.551071 0.155714 0.005000 0.010476
2 0.532500 0.150952 0.003571 0.010476
2 0.587857 0.312381 0.012857 0.013333
2 0.590714 0.320476 0.014286 0.012381
2 0.523929 0.447143 0.007857 0.023810
2 0.625714 0.632381 0.008571 0.022857
1 0.515357 0.132857 0.009286 0.020000
1 0.866786 0.467143 0.042143 0.021905
2 0.896429 0.458095 0.014286 0.015238
2 0.907857 0.440000 0.015714 0.015238
2 0.859643 0.447143 0.012143 0.012381
2 0.965714 0.445714 0.015714 0.011429
