0 0.497500 0.896190 0.010714 0.022857
1 0.067143 0.725238 0.057143 0.052381
0 0.244643 0.806190 0.013571 0.023810
0 0.262143 0.760952 0.014286 0.020952
0 0.252143 0.751429 0.014286 0.022857
1 0.381786 0.648095 0.037857 0.060000
2 0.502500 0.661429 0.015000 0.025714
1 0.531786 0.650000 0.046429 0.060000
1 0.561429 0.620952 0.040000 0.053333
1 0.592143 0.603333 0.040000 0.044762
2 0.593929 0.707143 0.020714 0.027619
0 0.657143 0.761905 0.011429 0.022857
0 0.654643 0.755238 0.012143 0.022857
0 0.686429 0.674286 0.011429 0.022857
0 0.656429 0.596190 0.007143 0.019048
1 0.652857 0.553810 0.045714 0.046667
0 0.823214 0.599524 0.013571 0.025714
0 0.817143 0.597143 0.012857 0.022857
0 0.815357 0.588095 0.012143 0.023810
0 0.811786 0.580476 0.012143 0.023810
0 0.861071 0.552381 0.012143 0.022857
0 0.856071 0.548571 0.013571 0.024762
1 0.822500 0.444286 0.040714 0.033333
1 0.836071 0.428571 0.036429 0.032381
1 0.885714 0.393810 0.035714 0.027619
1 0.911786 0.378095 0.047857 0.028571
0 0.983571 0.339524 0.012857 0.018095
1 0.989643 0.315238 0.020714 0.020952
1 0.293571 0.057619 0.014286 0.008571
1 0.308571 0.051905 0.012857 0.010476
1 0.152500 0.102857 0.017857 0.011429
1 0.048214 0.136667 0.020714 0.012381
1 0.057500 0.130952 0.019286 0.014286
