1 0.688000 0.881000 0.063000 0.116667
2 0.749750 0.983000 0.048500 0.034000
0 0.681000 0.986000 0.017000 0.028000
0 0.358750 0.882333 0.027500 0.071333
0 0.550500 0.724667 0.013000 0.038667
1 0.560000 0.683333 0.032000 0.052000
2 0.518500 0.700000 0.013000 0.036000
2 0.524500 0.657000 0.012000 0.026000
2 0.499750 0.625000 0.010500 0.024667
2 0.530500 0.620333 0.011000 0.023333
2 0.547750 0.540667 0.006500 0.014667
2 0.540250 0.508000 0.004500 0.010667
0 0.543500 0.601000 0.007000 0.028667
0 0.550750 0.600667 0.007500 0.028000
0 0.544750 0.585000 0.007500 0.024667
2 0.577750 0.598000 0.013500 0.017333
0 0.449750 0.625000 0.006500 0.028667
0 0.453750 0.625667 0.006500 0.023333
0 0.513750 0.565333 0.007500 0.021333
1 0.512250 0.531000 0.017500 0.024667
1 0.517500 0.517000 0.027000 0.018000
1 0.527500 0.497333 0.012000 0.014667
0 0.536500 0.497000 0.004000 0.012667
