1 0.164144 0.232839 0.024530 0.020408
1 0.275313 0.882653 0.058977 0.056586
2 0.133612 0.931818 0.015658 0.041744
1 0.150835 0.982375 0.015658 0.033395
1 0.300887 0.649814 0.043319 0.036178
1 0.312891 0.581169 0.039144 0.030612
1 0.321242 0.524583 0.037056 0.028757
1 0.561587 0.761132 0.028184 0.069573
2 0.605167 0.815863 0.022443 0.025046
2 0.603862 0.799629 0.019833 0.024119
1 0.531576 0.496753 0.018267 0.039889
1 0.572547 0.034787 0.011482 0.010204
1 0.340814 0.169759 0.014614 0.012987
1 0.646921 0.033395 0.013048 0.009276
1 0.635960 0.064007 0.009916 0.009276
1 0.570720 0.016698 0.006785 0.009276
1 0.566284 0.011596 0.007307 0.010204
1 0.573852 0.010204 0.006785 0.009276
1 0.571242 0.002783 0.005741 0.005566
1 0.710856 0.262059 0.027140 0.017625
1 0.705898 0.255102 0.023486 0.018553
1 0.674322 0.214750 0.022965 0.015770
1 0.668841 0.208256 0.023486 0.017625
1 0.663883 0.190631 0.020877 0.013915
1 0.651618 0.177180 0.016180 0.016698
1 0.648486 0.169759 0.016180 0.012987
1 0.613257 0.121058 0.014614 0.012059
1 0.591597 0.092764 0.014092 0.009276
1 0.551409 0.035250 0.013048 0.007421
2 0.819154 0.174397 0.004697 0.009276
0 0.753653 0.283395 0.003132 0.013915
0 0.518528 0.940631 0.006785 0.037106
1 0.525313 0.730056 0.026618 0.033395
1 0.537839 0.421150 0.019311 0.033395
2 0.212683 0.617811 0.007829 0.024119
2 0.217380 0.587662 0.004697 0.021336
2 0.223904 0.581633 0.006263 0.022263
2 0.176148 0.867347 0.022443 0.022263
