1 0.803250 0.749667 0.084500 0.183333
1 0.777250 0.548000 0.084500 0.101333
0 0.745750 0.607333 0.015500 0.058667
0 0.737250 0.586000 0.020500 0.066667
0 0.711000 0.574667 0.021000 0.060000
1 0.790500 0.442667 0.063000 0.088000
1 0.811250 0.331667 0.048500 0.066000
1 0.685250 0.217000 0.037500 0.043333
1 0.814000 0.092667 0.022000 0.026667
1 0.815250 0.078000 0.021500 0.020000
1 0.816500 0.044000 0.018000 0.021333
1 0.815750 0.035000 0.015500 0.018000
1 0.814250 0.024667 0.016500 0.018667
1 0.812750 0.016000 0.015500 0.017333
1 0.814750 0.009333 0.015500 0.016000
1 0.637000 0.298000 0.048000 0.061333
1 0.548750 0.238333 0.069500 0.046000
1 0.570250 0.221333 0.064500 0.042667
1 0.198500 0.486333 0.115000 0.119333
1 0.060750 0.449000 0.121500 0.103333
1 0.082000 0.403000 0.120000 0.067333
1 0.155750 0.348000 0.111500 0.070667
2 0.149250 0.248333 0.024500 0.032667
0 0.157750 0.222333 0.013500 0.040667
0 0.186000 0.216333 0.016000 0.039333
0 0.251500 0.177667 0.008000 0.031333
1 0.273500 0.300333 0.069000 0.063333
1 0.239750 0.284000 0.079500 0.062667
1 0.369750 0.258000 0.046500 0.056000
1 0.293750 0.235000 0.078500 0.055333
2 0.276500 0.225667 0.035000 0.028667
1 0.229000 0.222333 0.061000 0.056667
2 0.269000 0.167667 0.014000 0.022000
2 0.297500 0.163333 0.013000 0.024000
1 0.385250 0.171000 0.042500 0.043333
0 0.352750 0.103333 0.007500 0.026667
1 0.311500 0.076000 0.025000 0.025333
1 0.361250 0.085000 0.022500 0.024667
1 0.410250 0.074333 0.040500 0.026000
2 0.140750 0.047000 0.015500 0.018000
1 0.051750 0.032333 0.034500 0.024667
1 0.008250 0.027667 0.016500 0.020667
1 0.495000 0.085333 0.030000 0.032000
1 0.441000 0.073333 0.039000 0.026667
1 0.471750 0.060000 0.034500 0.024000
1 0.490500 0.054000 0.042000 0.022667
1 0.498250 0.048000 0.039500 0.021333
1 0.509750 0.033333 0.032500 0.024000
1 0.522500 0.027333 0.034000 0.018667
0 0.532500 0.067000 0.007000 0.027333
0 0.530500 0.052667 0.009000 0.021333
1 0.546000 0.046333 0.024000 0.027333
1 0.584500 0.016333 0.020000 0.022000
1 0.608750 0.014667 0.018500 0.020000
1 0.575500 0.008000 0.018000 0.016000
1 0.610500 0.006667 0.019000 0.013333
