1 0.535000 0.911905 0.027143 0.082857
1 0.477500 0.823810 0.023571 0.064762
1 0.506071 0.802857 0.022143 0.076190
1 0.471071 0.719048 0.022143 0.057143
1 0.528929 0.610000 0.020714 0.050476
1 0.464643 0.458095 0.016429 0.036190
1 0.523214 0.552381 0.019286 0.045714
1 0.467143 0.499048 0.017143 0.041905
1 0.517500 0.511905 0.017857 0.037143
1 0.511071 0.430476 0.012143 0.028571
1 0.505000 0.390000 0.015714 0.033333
1 0.445000 0.225714 0.011429 0.022857
1 0.455714 0.205714 0.010000 0.022857
1 0.471786 0.155238 0.010714 0.019048
1 0.438214 0.061905 0.006429 0.015238
1 0.460000 0.080952 0.012857 0.011429
1 0.427857 0.294286 0.028571 0.017143
1 0.426786 0.280952 0.026429 0.017143
1 0.426786 0.270952 0.026429 0.014286
1 0.427143 0.261905 0.025714 0.011429
1 0.439286 0.048571 0.007143 0.011429
1 0.437857 0.019524 0.007143 0.014286
1 0.458214 0.010000 0.006429 0.010476
1 0.466786 0.100952 0.007857 0.011429
1 0.433214 0.359048 0.026429 0.019048
1 0.428214 0.324762 0.030714 0.017143
1 0.440000 0.099524 0.007143 0.016190
0 0.453571 0.929524 0.007143 0.017143
0 0.440714 0.825714 0.007143 0.020952
0 0.593929 0.895238 0.007857 0.017143
0 0.590000 0.834762 0.005714 0.016190
0 0.594643 0.838095 0.005000 0.011429
0 0.583214 0.787143 0.006429 0.014286
0 0.570357 0.676190 0.005000 0.017143
0 0.561071 0.655714 0.006429 0.016190
0 0.556071 0.649524 0.005000 0.015238
0 0.561786 0.627143 0.003571 0.010476
0 0.551071 0.630476 0.005000 0.009524
0 0.434643 0.499524 0.006429 0.012381
0 0.441071 0.445714 0.005000 0.015238
0 0.479286 0.497619 0.005714 0.016190
0 0.453571 0.594286 0.004286 0.017143
0 0.571071 0.727619 0.005000 0.015238
0 0.563214 0.726667 0.005000 0.017143
0 0.526786 0.442857 0.005000 0.013333
0 0.478214 0.300000 0.003571 0.013333
0 0.483214 0.303333 0.003571 0.012381
0 0.488571 0.306190 0.004286 0.012381
0 0.478929 0.258571 0.003571 0.012381
0 0.519643 0.361429 0.003571 0.012381
2 0.527500 0.981905 0.017857 0.034286
2 0.568929 0.963810 0.025000 0.017143
2 0.566786 0.935714 0.020714 0.016190
2 0.563929 0.908571 0.016429 0.020952
2 0.511071 0.922857 0.007857 0.036190
2 0.514286 0.881429 0.010000 0.031429
2 0.537143 0.830952 0.005714 0.023810
2 0.525000 0.795238 0.008571 0.030476
2 0.523929 0.745238 0.006429 0.027619
2 0.487143 0.725238 0.005714 0.029524
2 0.487143 0.760476 0.004286 0.033333
2 0.496429 0.747619 0.007143 0.030476
2 0.532857 0.770000 0.007143 0.027619
2 0.481429 0.570952 0.008571 0.018095
2 0.518929 0.711905 0.006429 0.023810
2 0.527857 0.716667 0.007143 0.025714
2 0.473214 0.760000 0.016429 0.020952
2 0.547143 0.759524 0.020000 0.014286
2 0.546429 0.774286 0.020000 0.013333
2 0.468571 0.669048 0.020000 0.014286
2 0.466429 0.627619 0.017143 0.015238
2 0.467143 0.536667 0.018571 0.016190
2 0.466429 0.557143 0.017143 0.013333
2 0.465357 0.582381 0.015000 0.012381
2 0.465357 0.598095 0.015000 0.013333
2 0.516429 0.471905 0.017143 0.016190
2 0.517857 0.484762 0.014286 0.013333
2 0.476786 0.344762 0.006429 0.017143
2 0.483214 0.364286 0.005000 0.016190
2 0.490000 0.429524 0.007143 0.019048
2 0.429286 0.941429 0.025714 0.020000
2 0.512143 0.673810 0.015714 0.012381
2 0.518571 0.690000 0.007143 0.020000
2 0.430357 0.605714 0.019286 0.011429
2 0.461786 0.169524 0.005000 0.015238
2 0.452857 0.096667 0.004286 0.010476
0 0.465714 0.200476 0.004286 0.012381
2 0.450000 0.070952 0.002857 0.010476
0 0.447500 0.125714 0.003571 0.013333
0 0.481429 0.092381 0.002857 0.011429
0 0.487500 0.093810 0.003571 0.010476
0 0.490714 0.090476 0.002857 0.011429
0 0.526786 0.277143 0.003571 0.013333
0 0.495714 0.301905 0.002857 0.015238
0 0.453571 0.366190 0.004286 0.014286
