1 0.378000 0.866000 0.071000 0.153333
1 0.602500 0.382000 0.019000 0.016000
1 0.590250 0.365000 0.014500 0.012667
1 0.476750 0.475000 0.021500 0.031333
1 0.461750 0.539333 0.023500 0.038667
1 0.473250 0.506667 0.021500 0.032000
1 0.485000 0.445667 0.018000 0.026000
1 0.569750 0.511333 0.037500 0.029333
1 0.525500 0.356333 0.009000 0.012667
1 0.533000 0.332333 0.017000 0.010000
1 0.642250 0.526000 0.057500 0.032000
1 0.740250 0.523000 0.055500 0.032667
1 0.664500 0.462333 0.040000 0.031333
1 0.649000 0.422333 0.037000 0.022000
1 0.643750 0.409333 0.035500 0.017333
1 0.628000 0.392667 0.026000 0.020000
1 0.747500 0.560667 0.055000 0.033333
2 0.527250 0.438667 0.005500 0.013333
2 0.533250 0.675000 0.010500 0.030000
2 0.523500 0.750667 0.013000 0.038667
2 0.482250 0.861000 0.017500 0.051333
0 0.502000 0.979000 0.015000 0.042000
0 0.515750 0.985333 0.012500 0.026667
0 0.530750 0.636667 0.008500 0.037333
0 0.469500 0.555000 0.008000 0.027333
0 0.213500 0.581000 0.008000 0.030000
0 0.523500 0.329667 0.003000 0.011333
0 0.525250 0.343667 0.002500 0.010000
0 0.531750 0.343000 0.002500 0.011333
0 0.534750 0.371667 0.003500 0.011333
0 0.520750 0.368333 0.003500 0.012667
0 0.515750 0.355333 0.004500 0.012000
0 0.526250 0.394333 0.003500 0.016667
0 0.499750 0.425000 0.003500 0.016667
0 0.513750 0.404000 0.003500 0.016000
0 0.521250 0.416667 0.004500 0.017333
0 0.505750 0.420667 0.005500 0.017333
0 0.507250 0.433000 0.006500 0.022000
0 0.538500 0.472333 0.006000 0.020667
0 0.537000 0.459333 0.006000 0.017333
0 0.539500 0.452000 0.005000 0.017333
0 0.537250 0.419333 0.003500 0.017333
0 0.530000 0.415000 0.004000 0.016667
0 0.532000 0.394000 0.003000 0.014667
0 0.507500 0.379000 0.004000 0.014000
0 0.506250 0.406000 0.004500 0.014667
0 0.510750 0.399667 0.003500 0.015333
0 0.520500 0.350000 0.003000 0.009333
0 0.519250 0.352000 0.002500 0.006667
0 0.514000 0.341667 0.004000 0.008667
0 0.513500 0.339000 0.004000 0.011333
0 0.537750 0.398333 0.003500 0.014000
0 0.535750 0.391667 0.003500 0.012667
0 0.533000 0.389000 0.004000 0.012667
0 0.535750 0.389667 0.003500 0.012667
0 0.516500 0.402667 0.004000 0.014667
0 0.521000 0.407000 0.004000 0.012667
0 0.524750 0.414667 0.003500 0.016000
0 0.527750 0.414333 0.003500 0.015333
0 0.544500 0.457000 0.005000 0.018000
0 0.566750 0.481667 0.006500 0.026000
0 0.594000 0.672333 0.009000 0.035333
2 0.661000 0.427333 0.014000 0.012000
0 0.598000 0.399333 0.005000 0.014667
2 0.611500 0.364333 0.004000 0.010000
0 0.549250 0.469667 0.006500 0.019333
0 0.624000 0.371667 0.004000 0.014000
0 0.626750 0.371333 0.003500 0.012000
2 0.530500 0.462333 0.007000 0.016667
