1 0.339286 0.772381 0.047143 0.100952
2 0.321071 0.936190 0.033571 0.024762
0 0.566429 0.732857 0.011429 0.018095
2 0.544286 0.672381 0.015714 0.034286
2 0.295714 0.801905 0.031429 0.022857
2 0.302500 0.660476 0.015000 0.037143
1 0.293214 0.550476 0.036429 0.081905
1 0.274643 0.463810 0.036429 0.076190
2 0.247857 0.372857 0.012857 0.037143
1 0.243571 0.315238 0.034286 0.070476
1 0.367500 0.349524 0.039286 0.062857
1 0.502857 0.484762 0.042857 0.076190
2 0.589286 0.680476 0.020000 0.040952
2 0.596429 0.584286 0.021429 0.027619
2 0.790000 0.968571 0.020000 0.041905
2 0.782500 0.937619 0.023571 0.031429
2 0.771786 0.898095 0.036429 0.030476
2 0.724643 0.733333 0.022143 0.036190
2 0.678929 0.693333 0.025000 0.026667
2 0.711429 0.681429 0.035714 0.021905
2 0.686429 0.612857 0.032857 0.018095
2 0.670714 0.590000 0.025714 0.023810
2 0.664643 0.526667 0.012143 0.040000
2 0.685357 0.526667 0.025000 0.020952
1 0.643214 0.607619 0.052143 0.083810
1 0.607143 0.519048 0.048571 0.074286
2 0.588929 0.459048 0.020714 0.022857
2 0.644286 0.461429 0.014286 0.027619
2 0.540357 0.265238 0.023571 0.023810
1 0.518214 0.282857 0.037857 0.062857
2 0.492857 0.265714 0.010000 0.022857
0 0.482857 0.245714 0.007143 0.026667
0 0.405357 0.270000 0.010714 0.025714
0 0.430000 0.259048 0.011429 0.028571
2 0.435714 0.217143 0.012857 0.028571
0 0.348929 0.107143 0.010714 0.027619
1 0.380357 0.101429 0.029286 0.046667
1 0.551429 0.196667 0.032857 0.035238
1 0.512143 0.110000 0.031429 0.046667
2 0.443214 0.090476 0.009286 0.028571
1 0.426071 0.057143 0.027857 0.041905
1 0.408214 0.017143 0.026429 0.034286
0 0.176786 0.252857 0.010714 0.021905
2 0.207143 0.278571 0.027143 0.018095
2 0.207857 0.271429 0.025714 0.015238
2 0.202143 0.257619 0.025714 0.018095
2 0.197857 0.247143 0.022857 0.014286
1 0.230357 0.245238 0.030714 0.063810
2 0.212500 0.147619 0.020714 0.019048
2 0.260357 0.103810 0.010714 0.030476
1 0.205000 0.114762 0.027143 0.050476
1 0.193571 0.060476 0.028571 0.056190
