0 0.183214 0.901905 0.020714 0.041905
0 0.135000 0.900476 0.025714 0.033333
0 0.091786 0.815714 0.017857 0.029524
1 0.022857 0.887143 0.045714 0.065714
2 0.112500 0.775714 0.029286 0.040952
2 0.086071 0.792857 0.033571 0.054286
2 0.333214 0.832381 0.015000 0.060952
2 0.311429 0.822381 0.021429 0.071429
2 0.432857 0.840952 0.021429 0.076190
2 0.310357 0.700952 0.026429 0.047619
0 0.350357 0.588571 0.012143 0.036190
1 0.436071 0.673333 0.046429 0.125714
1 0.497857 0.691429 0.048571 0.127619
1 0.390714 0.604286 0.058571 0.098095
1 0.605357 0.834286 0.045000 0.133333
2 0.678929 0.731905 0.015000 0.052381
2 0.717500 0.680952 0.016429 0.045714
1 0.516429 0.572857 0.035714 0.082857
1 0.586071 0.547619 0.042143 0.106667
1 0.523929 0.474762 0.039286 0.084762
2 0.392857 0.473810 0.014286 0.035238
2 0.678214 0.514286 0.012143 0.038095
2 0.628214 0.411429 0.012143 0.036190
2 0.560000 0.414762 0.012857 0.035238
2 0.585000 0.371429 0.011429 0.043810
2 0.477143 0.326667 0.011429 0.034286
0 0.440714 0.403810 0.010000 0.036190
0 0.433571 0.396667 0.007143 0.031429
0 0.427143 0.397143 0.008571 0.024762
1 0.539643 0.381429 0.032143 0.075238
1 0.548929 0.310952 0.029286 0.065714
1 0.551786 0.234286 0.027857 0.057143
1 0.706429 0.327619 0.031429 0.062857
1 0.702857 0.266190 0.030000 0.054286
2 0.753571 0.255714 0.022857 0.025714
1 0.616429 0.201905 0.025714 0.049524
2 0.595000 0.250000 0.010000 0.029524
2 0.667143 0.196190 0.008571 0.030476
2 0.658571 0.162381 0.008571 0.027619
1 0.456429 0.255238 0.031429 0.055238
0 0.327143 0.210952 0.011429 0.018095
2 0.697500 0.151429 0.015000 0.026667
2 0.685000 0.086190 0.012857 0.027619
1 0.503929 0.054286 0.019286 0.032381
1 0.496071 0.086667 0.022143 0.032381
0 0.517500 0.062857 0.007857 0.026667
1 0.582143 0.056190 0.022857 0.043810
2 0.654643 0.081429 0.007857 0.021905
2 0.637500 0.016190 0.007857 0.022857
2 0.723929 0.108571 0.020714 0.019048
1 0.542143 0.117143 0.025714 0.047619
