1 0.850714 0.990000 0.062857 0.020000
1 0.757143 0.968571 0.067143 0.045714
1 0.833571 0.955238 0.061429 0.045714
1 0.748214 0.914762 0.053571 0.042857
1 0.741786 0.871905 0.057857 0.040952
1 0.794286 0.825714 0.055714 0.036190
1 0.724643 0.794286 0.053571 0.038095
1 0.775357 0.764762 0.047857 0.034286
1 0.765714 0.728571 0.047143 0.030476
1 0.714643 0.756667 0.049286 0.035238
1 0.707857 0.729048 0.048571 0.031429
1 0.500714 0.253810 0.010000 0.016190
1 0.586786 0.654286 0.043571 0.026667
1 0.602143 0.769524 0.044286 0.034286
1 0.604643 0.817143 0.046429 0.032381
1 0.607143 0.920476 0.052857 0.037143
2 0.461429 0.349524 0.004286 0.013333
2 0.467500 0.315238 0.005000 0.013333
2 0.497857 0.228095 0.004286 0.010476
2 0.506786 0.225238 0.003571 0.010476
2 0.798571 0.212381 0.007143 0.007619
