1 0.278214 0.133810 0.022143 0.016190
1 0.365357 0.102857 0.026429 0.019048
1 0.337500 0.123333 0.026429 0.018095
1 0.444286 0.099524 0.034286 0.018095
1 0.601786 0.014762 0.013571 0.029524
1 0.620357 0.034286 0.013571 0.036190
1 0.670357 0.064286 0.013571 0.033333
1 0.690714 0.062857 0.017143 0.038095
1 0.709286 0.054286 0.015714 0.038095
1 0.757500 0.042381 0.012143 0.037143
1 0.768929 0.029524 0.015000 0.034286
1 0.702500 0.148095 0.015000 0.035238
1 0.717500 0.143333 0.016429 0.037143
1 0.731429 0.140952 0.011429 0.028571
1 0.822857 0.033810 0.022857 0.020000
1 0.842500 0.040000 0.020714 0.030476
1 0.862143 0.045238 0.025714 0.023810
1 0.755357 0.120000 0.027857 0.019048
1 0.867857 0.101429 0.025714 0.025714
1 0.875000 0.117143 0.027143 0.022857
1 0.886071 0.152857 0.027857 0.023810
1 0.805714 0.201429 0.012857 0.035238
1 0.872143 0.401905 0.027143 0.015238
1 0.922143 0.433810 0.022857 0.021905
1 0.830000 0.388095 0.014286 0.035238
1 0.917500 0.651429 0.029286 0.017143
1 0.919286 0.671905 0.028571 0.020000
1 0.863571 0.690000 0.017143 0.035238
1 0.857143 0.266190 0.018571 0.035238
1 0.862500 0.230952 0.027857 0.023810
1 0.808571 0.242381 0.014286 0.031429
1 0.936071 0.745238 0.020714 0.020000
1 0.938571 0.766667 0.025714 0.019048
1 0.944286 0.803810 0.031429 0.022857
1 0.948214 0.822857 0.029286 0.020952
1 0.948571 0.844762 0.028571 0.019048
1 0.953929 0.862857 0.032143 0.019048
1 0.709643 0.951429 0.015000 0.040000
0 0.711071 0.983810 0.009286 0.011429
1 0.673929 0.956190 0.016429 0.043810
1 0.735000 0.851429 0.028571 0.030476
1 0.721786 0.810476 0.013571 0.036190
1 0.693214 0.758571 0.013571 0.040952
1 0.641429 0.370476 0.011429 0.028571
1 0.645357 0.254286 0.013571 0.036190
1 0.661429 0.215714 0.014286 0.037143
2 0.632857 0.349524 0.005714 0.013333
2 0.629286 0.103810 0.005714 0.013333
2 0.611429 0.159048 0.011429 0.011429
2 0.593214 0.063333 0.005000 0.012381
2 0.656786 0.056190 0.007857 0.015238
2 0.531071 0.100952 0.005000 0.015238
2 0.495714 0.101429 0.008571 0.014286
