2 0.930714 0.875714 0.017143 0.035238
1 0.276071 0.429524 0.013571 0.030476
1 0.326429 0.397619 0.025714 0.016190
1 0.312500 0.419048 0.029286 0.019048
1 0.091071 0.519524 0.040714 0.023810
1 0.362500 0.395238 0.023571 0.020952
0 0.322500 0.790476 0.010714 0.019048
0 0.700000 0.311905 0.004286 0.014286
0 0.680714 0.269524 0.004286 0.009524
0 0.652143 0.257619 0.004286 0.012381
0 0.659643 0.247619 0.003571 0.011429
0 0.676071 0.245714 0.005000 0.011429
0 0.670357 0.243810 0.005000 0.013333
0 0.640357 0.239524 0.003571 0.008571
0 0.659286 0.242857 0.002857 0.011429
0 0.659286 0.324286 0.005714 0.018095
2 0.771786 0.462857 0.005000 0.013333
2 0.456786 0.581429 0.010714 0.020000
1 0.522143 0.296667 0.011429 0.016190
1 0.290000 0.356667 0.027143 0.016190
1 0.398929 0.221905 0.015000 0.011429
1 0.442500 0.181429 0.013571 0.008571
1 0.503214 0.151905 0.012143 0.008571
1 0.506429 0.150000 0.011429 0.008571
1 0.469286 0.193333 0.014286 0.009524
1 0.466429 0.201429 0.015714 0.008571
1 0.475357 0.187143 0.010714 0.006667
1 0.480000 0.165238 0.012857 0.008571
1 0.483571 0.162857 0.010000 0.007619
1 0.492143 0.160476 0.012857 0.008571
1 0.496786 0.153810 0.012143 0.008571
1 0.481786 0.143810 0.006429 0.007619
1 0.471429 0.144286 0.005714 0.008571
1 0.146071 0.410000 0.035000 0.018095
1 0.282500 0.560476 0.027857 0.035238
1 0.303929 0.523810 0.026429 0.036190
