1 0.245500 0.891000 0.238000 0.212667
2 0.342750 0.577667 0.038500 0.060667
2 0.630750 0.694667 0.068500 0.064000
1 0.615250 0.576333 0.088500 0.114000
1 0.600750 0.239333 0.014500 0.020000
1 0.589750 0.245333 0.019500 0.025333
0 0.609750 0.242000 0.004500 0.018667
0 0.653250 0.220333 0.003500 0.018000
0 0.656750 0.220333 0.003500 0.018000
0 0.607500 0.346000 0.012000 0.038667
2 0.546750 0.328000 0.009500 0.024000
0 0.339000 0.473333 0.024000 0.064000
0 0.474250 0.536333 0.016500 0.066000
0 0.456250 0.537333 0.015500 0.062667
0 0.540500 0.685333 0.019000 0.076000
0 0.559000 0.694667 0.019000 0.100000
1 0.571000 0.384333 0.052000 0.044667
