1 0.747129 0.921150 0.040188 0.102041
1 0.656837 0.309369 0.015136 0.026902
1 0.643789 0.258813 0.013048 0.020408
1 0.633090 0.209184 0.011482 0.017625
1 0.631263 0.195733 0.018267 0.018553
1 0.613518 0.189703 0.007829 0.015770
2 0.721816 0.400742 0.010438 0.016698
2 0.711117 0.481911 0.005741 0.025046
0 0.732777 0.430891 0.004175 0.019481
2 0.804019 0.844620 0.021399 0.041744
2 0.686065 0.356679 0.012004 0.012059
2 0.666232 0.270872 0.008873 0.009276
1 0.561065 0.199907 0.009395 0.017625
1 0.557672 0.131725 0.007829 0.014842
1 0.557150 0.097866 0.007829 0.012059
1 0.551409 0.048701 0.005741 0.012059
1 0.560282 0.033859 0.005741 0.012059
2 0.600992 0.138683 0.002610 0.006494
2 0.496868 0.096939 0.002088 0.006494
2 0.491127 0.099258 0.003132 0.005566
2 0.483038 0.108071 0.002610 0.004638
2 0.480428 0.097866 0.002610 0.004638
2 0.477818 0.106679 0.002610 0.005566
2 0.475731 0.117347 0.002610 0.006494
2 0.467902 0.148887 0.001566 0.006494
2 0.407098 0.380334 0.005219 0.012987
2 0.384395 0.472171 0.004697 0.012987
2 0.317589 0.798237 0.010960 0.038033
1 0.555324 0.009276 0.005219 0.009276
