1 0.578929 0.311905 0.015000 0.012381
1 0.604286 0.359048 0.015714 0.019048
1 0.550714 0.294286 0.011429 0.011429
1 0.525357 0.269048 0.010714 0.010476
1 0.440000 0.379048 0.011429 0.019048
1 0.434643 0.416667 0.012143 0.018095
1 0.431071 0.434286 0.013571 0.022857
1 0.335714 0.478571 0.038571 0.023810
1 0.331786 0.495238 0.040714 0.019048
1 0.177500 0.600952 0.037857 0.047619
2 0.525000 0.479048 0.004286 0.017143
2 0.517857 0.387619 0.002857 0.013333
0 0.504286 0.314286 0.001429 0.007619
0 0.499643 0.279524 0.002143 0.006667
1 0.596786 0.212381 0.006429 0.005714
