1 0.212143 0.979048 0.042857 0.041905
2 0.279286 0.682381 0.014286 0.025714
2 0.358929 0.480000 0.007857 0.022857
2 0.451786 0.252381 0.006429 0.013333
2 0.475000 0.211429 0.004286 0.011429
2 0.482143 0.210000 0.005714 0.012381
2 0.515000 0.088571 0.002857 0.007619
2 0.526786 0.055714 0.003571 0.006667
1 0.503929 0.130000 0.007857 0.012381
1 0.597857 0.271429 0.024286 0.013333
1 0.600000 0.263333 0.022857 0.012381
1 0.598214 0.252857 0.026429 0.014286
1 0.572143 0.243810 0.017143 0.011429
1 0.573929 0.238571 0.022143 0.012381
1 0.575000 0.224762 0.020000 0.011429
1 0.576071 0.219048 0.019286 0.013333
1 0.575714 0.215714 0.018571 0.012381
1 0.600714 0.233333 0.021429 0.013333
1 0.600000 0.222857 0.017143 0.011429
1 0.600714 0.216667 0.020000 0.010476
1 0.523214 0.232857 0.016429 0.012381
1 0.526786 0.227143 0.017857 0.012381
1 0.527500 0.218571 0.020714 0.010476
1 0.528571 0.209048 0.017143 0.014286
1 0.533214 0.200000 0.019286 0.011429
1 0.542143 0.031429 0.004286 0.007619
0 0.307143 0.308571 0.005714 0.013333
0 0.459643 0.221429 0.003571 0.012381
0 0.462857 0.220476 0.004286 0.010476
0 0.459643 0.213810 0.003571 0.010476
