0 0.322500 0.159667 0.009000 0.019333
1 0.458000 0.016667 0.030000 0.032000
1 0.504000 0.020667 0.046000 0.041333
1 0.425000 0.041667 0.039000 0.063333
1 0.472750 0.127667 0.038500 0.071333
1 0.517500 0.110000 0.042000 0.069333
1 0.367250 0.228000 0.053500 0.057333
1 0.347250 0.267667 0.051500 0.064667
1 0.461000 0.242333 0.054000 0.058000
1 0.429500 0.299667 0.056000 0.052667
1 0.462250 0.394667 0.059500 0.038667
1 0.482750 0.504667 0.041500 0.078667
1 0.247000 0.949333 0.036000 0.052000
1 0.428250 0.886333 0.039500 0.088667
1 0.495750 0.961000 0.043500 0.078000
1 0.456500 0.771333 0.044000 0.086667
1 0.556750 0.752333 0.041500 0.090000
0 0.511750 0.721000 0.011500 0.022000
1 0.486500 0.672000 0.035000 0.080000
1 0.530750 0.642000 0.037500 0.086667
1 0.516500 0.573333 0.040000 0.082667
1 0.551000 0.550000 0.036000 0.082667
0 0.582250 0.569333 0.009500 0.017333
0 0.582250 0.556667 0.009500 0.010667
1 0.538750 0.455667 0.035500 0.079333
1 0.575250 0.447333 0.030500 0.078667
1 0.607750 0.440667 0.030500 0.076000
1 0.620500 0.517667 0.036000 0.076667
2 0.829750 0.931667 0.019500 0.034000
2 0.838000 0.919333 0.017000 0.037333
0 0.800000 0.776000 0.015000 0.010667
2 0.910750 0.766667 0.029500 0.020000
2 0.945000 0.826333 0.025000 0.020667
2 0.834500 0.685333 0.028000 0.021333
0 0.945500 0.615000 0.023000 0.011333
0 0.858250 0.544000 0.020500 0.016000
0 0.974250 0.548000 0.020500 0.013333
0 0.989000 0.553333 0.018000 0.010667
1 0.989750 0.526667 0.020500 0.056000
0 0.922750 0.473333 0.014500 0.008000
0 0.924500 0.478000 0.018000 0.013333
2 0.916000 0.448667 0.027000 0.012000
1 0.800000 0.470000 0.064000 0.037333
0 0.686500 0.406000 0.011000 0.014667
1 0.542000 0.301333 0.031000 0.077333
1 0.573250 0.319667 0.027500 0.078000
1 0.640500 0.329333 0.035000 0.074667
0 0.686500 0.346667 0.011000 0.014667
0 0.660250 0.305667 0.008500 0.020667
0 0.682500 0.297333 0.012000 0.017333
0 0.668750 0.282000 0.010500 0.021333
0 0.539750 0.239000 0.006500 0.020667
0 0.613250 0.262000 0.009500 0.020000
1 0.572500 0.156667 0.038000 0.077333
0 0.543500 0.174000 0.008000 0.020000
0 0.548000 0.162333 0.008000 0.022000
0 0.597500 0.174000 0.007000 0.024000
0 0.460000 0.172333 0.008000 0.019333
1 0.611500 0.189667 0.037000 0.075333
1 0.644750 0.088000 0.032500 0.072000
1 0.657500 0.161000 0.049000 0.067333
0 0.827500 0.246000 0.014000 0.016000
0 0.867250 0.111667 0.005500 0.018000
2 0.917750 0.070000 0.008500 0.025333
2 0.951250 0.083000 0.021500 0.022000
2 0.962250 0.094667 0.023500 0.030667
2 0.968250 0.098667 0.027500 0.033333
2 0.972500 0.114333 0.022000 0.024667
2 0.979250 0.125000 0.023500 0.022000
2 0.984000 0.137000 0.021000 0.024667
0 0.983000 0.143000 0.020000 0.020667
0 0.984750 0.156667 0.018500 0.018667
0 0.993250 0.120000 0.013500 0.020000
2 0.990500 0.163667 0.018000 0.027333
2 0.982000 0.054000 0.026000 0.018667
2 0.966000 0.047000 0.024000 0.020667
2 0.957250 0.034667 0.023500 0.022667
2 0.943000 0.022667 0.012000 0.030667
2 0.930000 0.012667 0.012000 0.022667
