1 0.535000 0.929333 0.085000 0.138667
2 0.708000 0.946333 0.027000 0.064667
0 0.715000 0.916333 0.021000 0.032667
0 0.769500 0.934000 0.019000 0.030667
2 0.496500 0.700667 0.022000 0.048000
2 0.541500 0.796000 0.028000 0.048000
0 0.645000 0.807667 0.017000 0.019333
0 0.650500 0.787667 0.030000 0.027333
0 0.768500 0.739667 0.049000 0.042000
1 0.757000 0.625667 0.095000 0.138000
0 0.501750 0.590333 0.011500 0.014000
2 0.512750 0.584333 0.017500 0.027333
0 0.396250 0.610667 0.014500 0.018667
0 0.325250 0.579333 0.017500 0.022667
0 0.353750 0.523333 0.012500 0.021333
0 0.329750 0.507333 0.018500 0.017333
2 0.353750 0.494333 0.029500 0.039333
0 0.357250 0.491000 0.017500 0.027333
0 0.384500 0.426667 0.015000 0.017333
0 0.398000 0.425000 0.015000 0.024667
0 0.405750 0.411000 0.018500 0.023333
2 0.889750 0.325000 0.025500 0.048667
2 0.834000 0.383000 0.031000 0.048667
1 0.778500 0.358333 0.100000 0.084667
2 0.969250 0.358000 0.038500 0.042667
2 0.967250 0.338333 0.038500 0.039333
2 0.652750 0.137667 0.036500 0.027333
2 0.673000 0.126667 0.024000 0.041333
0 0.676000 0.138000 0.015000 0.033333
2 0.385000 0.355333 0.022000 0.037333
0 0.243000 0.429667 0.024000 0.023333
0 0.242000 0.312333 0.026000 0.031333
0 0.306750 0.207333 0.019500 0.034667
0 0.317250 0.196000 0.018500 0.034667
0 0.328250 0.201667 0.017500 0.036667
0 0.426000 0.019667 0.018000 0.039333
0 0.156500 0.216000 0.028000 0.034667
2 0.109250 0.323333 0.027500 0.046667
0 0.136750 0.054333 0.027500 0.036667
0 0.126000 0.016333 0.024000 0.032667
